geo,time,sh_imm_idpt
afg,1980,4
afg,1981,3
afg,1982,5
afg,1983,5
afg,1984,16
afg,1985,15
afg,1986,11
afg,1987,25
afg,1988,35
afg,1989,33
afg,1990,25
afg,1991,23
afg,1992,21
afg,1993,18
afg,1994,12
afg,1995,20
afg,1996,31
afg,1997,28
afg,1998,27
afg,1999,27
afg,2000,24
afg,2001,33
afg,2002,36
afg,2003,41
afg,2004,50
afg,2005,58
afg,2006,58
afg,2007,63
afg,2008,64
afg,2009,63
afg,2010,66
afg,2011,68
afg,2012,67
afg,2013,64
afg,2014,62
afg,2015,64
afg,2016,66
afg,2017,66
afg,2018,72
afg,2019,72
afg,2020,70
ago,1983,6
ago,1984,8
ago,1985,8
ago,1986,10
ago,1987,10
ago,1988,12
ago,1989,18
ago,1990,24
ago,1991,26
ago,1992,21
ago,1993,30
ago,1994,27
ago,1995,24
ago,1996,28
ago,1997,41
ago,1998,47
ago,1999,21
ago,2000,31
ago,2001,42
ago,2002,47
ago,2003,46
ago,2004,47
ago,2005,47
ago,2006,44
ago,2007,48
ago,2008,49
ago,2009,50
ago,2010,51
ago,2011,52
ago,2012,53
ago,2013,54
ago,2014,55
ago,2015,59
ago,2016,59
ago,2017,56
ago,2018,63
ago,2019,57
ago,2020,51
alb,1980,94
alb,1981,94
alb,1982,95
alb,1983,95
alb,1984,95
alb,1985,96
alb,1986,96
alb,1987,96
alb,1988,96
alb,1989,94
alb,1990,94
alb,1991,78
alb,1992,94
alb,1993,96
alb,1994,99
alb,1995,97
alb,1996,98
alb,1997,99
alb,1998,96
alb,1999,97
alb,2000,97
alb,2001,97
alb,2002,98
alb,2003,97
alb,2004,97
alb,2005,98
alb,2006,97
alb,2007,98
alb,2008,99
alb,2009,98
alb,2010,99
alb,2011,99
alb,2012,99
alb,2013,99
alb,2014,98
alb,2015,99
alb,2016,98
alb,2017,99
alb,2018,99
alb,2019,99
alb,2020,98
and,1997,90
and,1998,89
and,1999,90
and,2000,98
and,2001,96
and,2002,97
and,2003,99
and,2004,99
and,2005,98
and,2006,93
and,2007,96
and,2008,99
and,2009,99
and,2010,99
and,2011,99
and,2012,99
and,2013,96
and,2014,97
and,2015,97
and,2016,98
and,2017,99
and,2018,99
and,2019,99
and,2020,99
are,1980,11
are,1981,45
are,1982,43
are,1983,50
are,1984,59
are,1985,76
are,1986,78
are,1987,80
are,1988,82
are,1989,84
are,1990,85
are,1991,85
are,1992,86
are,1993,90
are,1994,90
are,1995,90
are,1996,90
are,1997,92
are,1998,94
are,1999,94
are,2000,94
are,2001,94
are,2002,94
are,2003,94
are,2004,94
are,2005,94
are,2006,92
are,2007,92
are,2008,92
are,2009,93
are,2010,94
are,2011,95
are,2012,96
are,2013,98
are,2014,99
are,2015,99
are,2016,99
are,2017,97
are,2018,99
are,2019,99
are,2020,90
arg,1980,44
arg,1981,49
arg,1982,58
arg,1983,61
arg,1984,62
arg,1985,66
arg,1986,67
arg,1987,75
arg,1988,80
arg,1989,80
arg,1990,87
arg,1991,80
arg,1992,81
arg,1993,81
arg,1994,82
arg,1995,85
arg,1996,83
arg,1997,88
arg,1998,84
arg,1999,86
arg,2000,83
arg,2001,83
arg,2002,93
arg,2003,96
arg,2004,98
arg,2005,98
arg,2006,91
arg,2007,91
arg,2008,93
arg,2009,94
arg,2010,94
arg,2011,91
arg,2012,91
arg,2013,94
arg,2014,94
arg,2015,94
arg,2016,92
arg,2017,86
arg,2018,86
arg,2019,83
arg,2020,74
arm,1992,85
arm,1993,85
arm,1994,86
arm,1995,98
arm,1996,86
arm,1997,88
arm,1998,82
arm,1999,91
arm,2000,93
arm,2001,94
arm,2002,94
arm,2003,94
arm,2004,91
arm,2005,90
arm,2006,87
arm,2007,88
arm,2008,89
arm,2009,93
arm,2010,94
arm,2011,95
arm,2012,95
arm,2013,95
arm,2014,93
arm,2015,94
arm,2016,94
arm,2017,94
arm,2018,92
arm,2019,92
arm,2020,91
atg,1980,54
atg,1981,79
atg,1982,79
atg,1983,99
atg,1984,94
atg,1985,99
atg,1986,96
atg,1987,97
atg,1988,98
atg,1989,99
atg,1990,99
atg,1991,94
atg,1992,99
atg,1993,99
atg,1994,99
atg,1995,99
atg,1996,99
atg,1997,99
atg,1998,99
atg,1999,99
atg,2000,95
atg,2001,97
atg,2002,98
atg,2003,99
atg,2004,97
atg,2005,99
atg,2006,99
atg,2007,99
atg,2008,99
atg,2009,99
atg,2010,98
atg,2011,99
atg,2012,98
atg,2013,99
atg,2014,99
atg,2015,99
atg,2016,92
atg,2017,95
atg,2018,95
atg,2019,95
atg,2020,96
aus,1980,33
aus,1981,40
aus,1982,48
aus,1983,55
aus,1984,62
aus,1985,68
aus,1986,75
aus,1987,81
aus,1988,88
aus,1989,93
aus,1990,95
aus,1991,93
aus,1992,91
aus,1993,90
aus,1994,88
aus,1995,86
aus,1996,86
aus,1997,77
aus,1998,82
aus,1999,88
aus,2000,90
aus,2001,92
aus,2002,92
aus,2003,93
aus,2004,92
aus,2005,92
aus,2006,92
aus,2007,92
aus,2008,92
aus,2009,92
aus,2010,92
aus,2011,92
aus,2012,92
aus,2013,91
aus,2014,92
aus,2015,93
aus,2016,94
aus,2017,95
aus,2018,95
aus,2019,95
aus,2020,95
aut,1980,90
aut,1981,90
aut,1982,90
aut,1983,90
aut,1984,90
aut,1985,90
aut,1986,90
aut,1987,90
aut,1988,90
aut,1989,90
aut,1990,90
aut,1991,90
aut,1992,90
aut,1993,90
aut,1994,90
aut,1995,90
aut,1996,90
aut,1997,90
aut,1998,82
aut,1999,74
aut,2000,81
aut,2001,84
aut,2002,83
aut,2003,84
aut,2004,83
aut,2005,86
aut,2006,83
aut,2007,85
aut,2008,83
aut,2009,83
aut,2010,86
aut,2011,89
aut,2012,92
aut,2013,95
aut,2014,98
aut,2015,93
aut,2016,87
aut,2017,90
aut,2018,85
aut,2019,85
aut,2020,85
aze,1992,58
aze,1993,66
aze,1994,69
aze,1995,74
aze,1996,74
aze,1997,70
aze,1998,73
aze,1999,75
aze,2000,76
aze,2001,77
aze,2002,76
aze,2003,77
aze,2004,77
aze,2005,75
aze,2006,78
aze,2007,79
aze,2008,81
aze,2009,81
aze,2010,81
aze,2011,87
aze,2012,89
aze,2013,93
aze,2014,94
aze,2015,96
aze,2016,97
aze,2017,95
aze,2018,95
aze,2019,94
aze,2020,79
bdi,1981,36
bdi,1982,33
bdi,1983,44
bdi,1984,26
bdi,1985,36
bdi,1986,55
bdi,1987,68
bdi,1988,51
bdi,1989,82
bdi,1990,86
bdi,1991,83
bdi,1992,80
bdi,1993,63
bdi,1994,48
bdi,1995,73
bdi,1996,73
bdi,1997,74
bdi,1998,65
bdi,1999,79
bdi,2000,80
bdi,2001,81
bdi,2002,81
bdi,2003,82
bdi,2004,83
bdi,2005,87
bdi,2006,92
bdi,2007,99
bdi,2008,92
bdi,2009,94
bdi,2010,96
bdi,2011,96
bdi,2012,96
bdi,2013,96
bdi,2014,95
bdi,2015,94
bdi,2016,94
bdi,2017,91
bdi,2018,90
bdi,2019,93
bdi,2020,93
bel,1980,95
bel,1981,95
bel,1982,95
bel,1983,95
bel,1984,95
bel,1985,95
bel,1986,95
bel,1987,95
bel,1988,80
bel,1989,94
bel,1990,93
bel,1991,92
bel,1992,95
bel,1993,97
bel,1994,96
bel,1995,94
bel,1996,95
bel,1997,87
bel,1998,79
bel,1999,87
bel,2000,95
bel,2001,95
bel,2002,95
bel,2003,95
bel,2004,95
bel,2005,97
bel,2006,98
bel,2007,98
bel,2008,99
bel,2009,98
bel,2010,98
bel,2011,98
bel,2012,99
bel,2013,99
bel,2014,99
bel,2015,99
bel,2016,98
bel,2017,98
bel,2018,98
bel,2019,98
bel,2020,97
ben,1985,17
ben,1986,17
ben,1987,25
ben,1988,30
ben,1989,48
ben,1990,74
ben,1991,69
ben,1992,73
ben,1993,75
ben,1994,81
ben,1995,67
ben,1996,66
ben,1997,66
ben,1998,70
ben,1999,74
ben,2000,78
ben,2001,76
ben,2002,75
ben,2003,73
ben,2004,72
ben,2005,70
ben,2006,74
ben,2007,82
ben,2008,75
ben,2009,79
ben,2010,76
ben,2011,75
ben,2012,80
ben,2013,77
ben,2014,74
ben,2015,74
ben,2016,76
ben,2017,76
ben,2018,76
ben,2019,76
ben,2020,72
bfa,1985,9
bfa,1986,19
bfa,1987,23
bfa,1988,34
bfa,1989,44
bfa,1990,66
bfa,1991,53
bfa,1992,39
bfa,1993,39
bfa,1994,36
bfa,1995,34
bfa,1996,37
bfa,1997,39
bfa,1998,15
bfa,1999,15
bfa,2000,45
bfa,2001,62
bfa,2002,69
bfa,2003,79
bfa,2004,79
bfa,2005,82
bfa,2006,86
bfa,2007,89
bfa,2008,93
bfa,2009,92
bfa,2010,91
bfa,2011,91
bfa,2012,90
bfa,2013,88
bfa,2014,91
bfa,2015,91
bfa,2016,91
bfa,2017,91
bfa,2018,91
bfa,2019,91
bfa,2020,91
bgd,1981,1
bgd,1982,1
bgd,1983,1
bgd,1984,1
bgd,1985,2
bgd,1986,4
bgd,1987,9
bgd,1988,16
bgd,1989,49
bgd,1990,69
bgd,1991,74
bgd,1992,66
bgd,1993,74
bgd,1994,84
bgd,1995,69
bgd,1996,77
bgd,1997,78
bgd,1998,77
bgd,1999,80
bgd,2000,82
bgd,2001,85
bgd,2002,83
bgd,2003,87
bgd,2004,99
bgd,2005,93
bgd,2006,94
bgd,2007,94
bgd,2008,96
bgd,2009,97
bgd,2010,94
bgd,2011,96
bgd,2012,94
bgd,2013,96
bgd,2014,97
bgd,2015,98
bgd,2016,98
bgd,2017,98
bgd,2018,98
bgd,2019,98
bgd,2020,98
bgr,1980,98
bgr,1981,99
bgr,1982,99
bgr,1983,99
bgr,1984,99
bgr,1985,99
bgr,1986,99
bgr,1987,99
bgr,1988,99
bgr,1989,99
bgr,1990,99
bgr,1991,99
bgr,1992,98
bgr,1993,98
bgr,1994,93
bgr,1995,96
bgr,1996,95
bgr,1997,94
bgr,1998,95
bgr,1999,96
bgr,2000,93
bgr,2001,94
bgr,2002,93
bgr,2003,96
bgr,2004,95
bgr,2005,96
bgr,2006,95
bgr,2007,95
bgr,2008,95
bgr,2009,94
bgr,2010,94
bgr,2011,95
bgr,2012,95
bgr,2013,95
bgr,2014,88
bgr,2015,91
bgr,2016,92
bgr,2017,92
bgr,2018,92
bgr,2019,93
bgr,2020,91
bhr,1980,72
bhr,1981,75
bhr,1982,79
bhr,1983,83
bhr,1984,86
bhr,1985,90
bhr,1986,92
bhr,1987,95
bhr,1988,96
bhr,1989,96
bhr,1990,94
bhr,1991,99
bhr,1992,94
bhr,1993,94
bhr,1994,96
bhr,1995,95
bhr,1996,96
bhr,1997,98
bhr,1998,98
bhr,1999,97
bhr,2000,97
bhr,2001,99
bhr,2002,98
bhr,2003,97
bhr,2004,98
bhr,2005,98
bhr,2006,98
bhr,2007,97
bhr,2008,97
bhr,2009,98
bhr,2010,99
bhr,2011,99
bhr,2012,99
bhr,2013,99
bhr,2014,98
bhr,2015,98
bhr,2016,99
bhr,2017,97
bhr,2018,99
bhr,2019,99
bhr,2020,98
bhs,1980,36
bhs,1981,55
bhs,1982,69
bhs,1983,65
bhs,1984,69
bhs,1985,86
bhs,1986,85
bhs,1987,85
bhs,1988,85
bhs,1989,86
bhs,1990,86
bhs,1991,92
bhs,1992,92
bhs,1993,91
bhs,1994,91
bhs,1995,87
bhs,1996,85
bhs,1997,86
bhs,1998,89
bhs,1999,82
bhs,2000,99
bhs,2001,99
bhs,2002,94
bhs,2003,92
bhs,2004,93
bhs,2005,93
bhs,2006,95
bhs,2007,95
bhs,2008,93
bhs,2009,96
bhs,2010,99
bhs,2011,98
bhs,2012,98
bhs,2013,97
bhs,2014,96
bhs,2015,95
bhs,2016,94
bhs,2017,94
bhs,2018,90
bhs,2019,89
bhs,2020,83
bih,1992,58
bih,1993,38
bih,1994,82
bih,1995,55
bih,1996,67
bih,1997,79
bih,1998,89
bih,1999,90
bih,2000,85
bih,2001,91
bih,2002,80
bih,2003,87
bih,2004,84
bih,2005,93
bih,2006,87
bih,2007,95
bih,2008,91
bih,2009,90
bih,2010,89
bih,2011,88
bih,2012,92
bih,2013,89
bih,2014,86
bih,2015,82
bih,2016,78
bih,2017,75
bih,2018,73
bih,2019,73
blr,1992,90
blr,1993,91
blr,1994,92
blr,1995,96
blr,1996,98
blr,1997,98
blr,1998,99
blr,1999,99
blr,2000,99
blr,2001,99
blr,2002,99
blr,2003,50
blr,2004,99
blr,2005,99
blr,2006,99
blr,2007,95
blr,2008,97
blr,2009,96
blr,2010,98
blr,2011,98
blr,2012,98
blr,2013,98
blr,2014,97
blr,2015,99
blr,2016,98
blr,2017,97
blr,2018,97
blr,2019,98
blr,2020,97
blz,1980,47
blz,1981,44
blz,1982,61
blz,1983,59
blz,1984,53
blz,1985,58
blz,1986,82
blz,1987,85
blz,1988,61
blz,1989,79
blz,1990,91
blz,1991,82
blz,1992,74
blz,1993,85
blz,1994,88
blz,1995,83
blz,1996,85
blz,1997,86
blz,1998,87
blz,1999,87
blz,2000,91
blz,2001,96
blz,2002,89
blz,2003,96
blz,2004,97
blz,2005,96
blz,2006,98
blz,2007,96
blz,2008,94
blz,2009,97
blz,2010,96
blz,2011,95
blz,2012,98
blz,2013,95
blz,2014,95
blz,2015,94
blz,2016,95
blz,2017,88
blz,2018,96
blz,2019,98
blz,2020,79
bol,1980,11
bol,1981,13
bol,1982,12
bol,1983,10
bol,1984,6
bol,1985,33
bol,1986,42
bol,1987,35
bol,1988,28
bol,1989,52
bol,1990,41
bol,1991,43
bol,1992,45
bol,1993,52
bol,1994,58
bol,1995,64
bol,1996,61
bol,1997,58
bol,1998,61
bol,1999,77
bol,2000,75
bol,2001,71
bol,2002,77
bol,2003,88
bol,2004,84
bol,2005,85
bol,2006,83
bol,2007,84
bol,2008,88
bol,2009,93
bol,2010,91
bol,2011,95
bol,2012,93
bol,2013,87
bol,2014,85
bol,2015,89
bol,2016,87
bol,2017,84
bol,2018,83
bol,2019,75
bol,2020,68
bra,1980,37
bra,1981,47
bra,1982,56
bra,1983,60
bra,1984,68
bra,1985,66
bra,1986,58
bra,1987,58
bra,1988,58
bra,1989,56
bra,1990,66
bra,1991,78
bra,1992,71
bra,1993,75
bra,1994,74
bra,1995,81
bra,1996,77
bra,1997,79
bra,1998,93
bra,1999,94
bra,2000,98
bra,2001,98
bra,2002,99
bra,2003,99
bra,2004,99
bra,2005,99
bra,2006,99
bra,2007,99
bra,2008,99
bra,2009,99
bra,2010,99
bra,2011,99
bra,2012,95
bra,2013,97
bra,2014,93
bra,2015,96
bra,2016,89
bra,2017,89
bra,2018,87
bra,2019,70
bra,2020,77
brb,1980,60
brb,1981,58
brb,1982,62
brb,1983,69
brb,1984,83
brb,1985,83
brb,1986,79
brb,1987,79
brb,1988,76
brb,1989,78
brb,1990,91
brb,1991,82
brb,1992,90
brb,1993,86
brb,1994,90
brb,1995,93
brb,1996,85
brb,1997,96
brb,1998,93
brb,1999,87
brb,2000,93
brb,2001,84
brb,2002,87
brb,2003,89
brb,2004,93
brb,2005,92
brb,2006,84
brb,2007,93
brb,2008,85
brb,2009,93
brb,2010,86
brb,2011,91
brb,2012,87
brb,2013,91
brb,2014,94
brb,2015,97
brb,2016,97
brb,2017,90
brb,2018,95
brb,2019,90
brb,2020,85
brn,1980,89
brn,1981,94
brn,1982,99
brn,1983,85
brn,1984,96
brn,1985,88
brn,1986,86
brn,1987,85
brn,1988,89
brn,1989,91
brn,1990,93
brn,1991,95
brn,1992,96
brn,1993,99
brn,1994,99
brn,1995,99
brn,1996,99
brn,1997,99
brn,1998,97
brn,1999,92
brn,2000,99
brn,2001,97
brn,2002,94
brn,2003,92
brn,2004,92
brn,2005,94
brn,2006,97
brn,2007,99
brn,2008,98
brn,2009,99
brn,2010,95
brn,2011,97
brn,2012,95
brn,2013,99
brn,2014,99
brn,2015,99
brn,2016,99
brn,2017,99
brn,2018,99
brn,2019,99
brn,2020,99
btn,1980,6
btn,1981,13
btn,1982,15
btn,1983,16
btn,1984,28
btn,1985,41
btn,1986,53
btn,1987,63
btn,1988,70
btn,1989,76
btn,1990,96
btn,1991,91
btn,1992,86
btn,1993,79
btn,1994,86
btn,1995,87
btn,1996,87
btn,1997,87
btn,1998,86
btn,1999,90
btn,2000,92
btn,2001,88
btn,2002,86
btn,2003,95
btn,2004,89
btn,2005,95
btn,2006,95
btn,2007,95
btn,2008,96
btn,2009,93
btn,2010,91
btn,2011,95
btn,2012,97
btn,2013,97
btn,2014,99
btn,2015,99
btn,2016,98
btn,2017,98
btn,2018,97
btn,2019,97
btn,2020,95
bwa,1980,71
bwa,1981,75
bwa,1982,82
bwa,1983,82
bwa,1984,83
bwa,1985,84
bwa,1986,86
bwa,1987,88
bwa,1988,88
bwa,1989,92
bwa,1990,92
bwa,1991,93
bwa,1992,94
bwa,1993,94
bwa,1994,94
bwa,1995,95
bwa,1996,96
bwa,1997,96
bwa,1998,98
bwa,1999,97
bwa,2000,97
bwa,2001,97
bwa,2002,97
bwa,2003,96
bwa,2004,96
bwa,2005,96
bwa,2006,96
bwa,2007,96
bwa,2008,96
bwa,2009,96
bwa,2010,95
bwa,2011,95
bwa,2012,95
bwa,2013,95
bwa,2014,95
bwa,2015,95
bwa,2016,95
bwa,2017,95
bwa,2018,95
bwa,2019,95
bwa,2020,95
caf,1980,13
caf,1981,11
caf,1982,14
caf,1983,16
caf,1984,17
caf,1985,20
caf,1986,19
caf,1987,22
caf,1988,42
caf,1989,64
caf,1990,82
caf,1991,64
caf,1992,45
caf,1993,47
caf,1994,48
caf,1995,53
caf,1996,48
caf,1997,43
caf,1998,43
caf,1999,33
caf,2000,37
caf,2001,40
caf,2002,44
caf,2003,47
caf,2004,51
caf,2005,54
caf,2006,51
caf,2007,48
caf,2008,45
caf,2009,42
caf,2010,45
caf,2011,47
caf,2012,47
caf,2013,23
caf,2014,45
caf,2015,43
caf,2016,42
caf,2017,42
caf,2018,42
caf,2019,42
caf,2020,42
can,1987,85
can,1988,86
can,1989,87
can,1990,88
can,1991,88
can,1992,89
can,1993,90
can,1994,93
can,1995,87
can,1996,90
can,1997,86
can,1998,90
can,1999,90
can,2000,89
can,2001,89
can,2002,88
can,2003,91
can,2004,91
can,2005,93
can,2006,95
can,2007,94
can,2008,92
can,2009,91
can,2010,89
can,2011,87
can,2012,91
can,2013,91
can,2014,91
can,2015,91
can,2016,91
can,2017,91
can,2018,91
can,2019,91
can,2020,91
che,1986,90
che,1987,90
che,1988,90
che,1989,90
che,1990,90
che,1991,89
che,1992,89
che,1993,89
che,1994,89
che,1995,89
che,1996,89
che,1997,89
che,1998,88
che,1999,93
che,2000,93
che,2001,93
che,2002,93
che,2003,93
che,2004,93
che,2005,94
che,2006,94
che,2007,94
che,2008,95
che,2009,95
che,2010,95
che,2011,96
che,2012,96
che,2013,96
che,2014,96
che,2015,96
che,2016,96
che,2017,96
che,2018,96
che,2019,96
che,2020,96
chl,1980,93
chl,1981,99
chl,1982,99
chl,1983,89
chl,1984,99
chl,1985,99
chl,1986,90
chl,1987,93
chl,1988,96
chl,1989,95
chl,1990,95
chl,1991,94
chl,1992,90
chl,1993,90
chl,1994,94
chl,1995,94
chl,1996,91
chl,1997,90
chl,1998,90
chl,1999,95
chl,2000,91
chl,2001,97
chl,2002,97
chl,2003,96
chl,2004,93
chl,2005,91
chl,2006,94
chl,2007,96
chl,2008,95
chl,2009,94
chl,2010,92
chl,2011,94
chl,2012,90
chl,2013,91
chl,2014,95
chl,2015,96
chl,2016,95
chl,2017,93
chl,2018,95
chl,2019,96
chl,2020,93
chn,1983,58
chn,1984,73
chn,1985,78
chn,1986,78
chn,1987,75
chn,1988,95
chn,1989,95
chn,1990,97
chn,1991,94
chn,1992,91
chn,1993,88
chn,1994,85
chn,1995,80
chn,1996,83
chn,1997,84
chn,1998,84
chn,1999,85
chn,2000,85
chn,2001,86
chn,2002,86
chn,2003,86
chn,2004,87
chn,2005,87
chn,2006,93
chn,2007,93
chn,2008,97
chn,2009,99
chn,2010,99
chn,2011,99
chn,2012,99
chn,2013,99
chn,2014,99
chn,2015,99
chn,2016,99
chn,2017,99
chn,2018,99
chn,2019,99
chn,2020,99
civ,1984,19
civ,1985,25
civ,1986,30
civ,1987,31
civ,1988,31
civ,1989,42
civ,1990,54
civ,1991,39
civ,1992,49
civ,1993,50
civ,1994,50
civ,1995,52
civ,1996,55
civ,1997,58
civ,1998,58
civ,1999,58
civ,2000,65
civ,2001,66
civ,2002,64
civ,2003,61
civ,2004,67
civ,2005,76
civ,2006,77
civ,2007,76
civ,2008,74
civ,2009,81
civ,2010,78
civ,2011,61
civ,2012,82
civ,2013,75
civ,2014,73
civ,2015,79
civ,2016,87
civ,2017,83
civ,2018,86
civ,2019,84
civ,2020,80
cmr,1981,5
cmr,1982,15
cmr,1983,25
cmr,1984,27
cmr,1985,33
cmr,1986,39
cmr,1987,44
cmr,1988,50
cmr,1989,56
cmr,1990,48
cmr,1991,42
cmr,1992,37
cmr,1993,37
cmr,1994,38
cmr,1995,46
cmr,1996,46
cmr,1997,48
cmr,1998,56
cmr,1999,59
cmr,2000,62
cmr,2001,63
cmr,2002,66
cmr,2003,73
cmr,2004,73
cmr,2005,80
cmr,2006,81
cmr,2007,82
cmr,2008,84
cmr,2009,80
cmr,2010,84
cmr,2011,82
cmr,2012,85
cmr,2013,89
cmr,2014,83
cmr,2015,78
cmr,2016,75
cmr,2017,74
cmr,2018,67
cmr,2019,67
cmr,2020,69
cod,1981,18
cod,1982,17
cod,1983,16
cod,1984,27
cod,1985,37
cod,1986,32
cod,1987,38
cod,1988,41
cod,1989,38
cod,1990,35
cod,1991,16
cod,1992,23
cod,1993,29
cod,1994,26
cod,1995,23
cod,1996,18
cod,1997,18
cod,1998,18
cod,1999,25
cod,2000,40
cod,2001,30
cod,2002,38
cod,2003,41
cod,2004,54
cod,2005,60
cod,2006,62
cod,2007,70
cod,2008,65
cod,2009,72
cod,2010,60
cod,2011,74
cod,2012,75
cod,2013,68
cod,2014,68
cod,2015,63
cod,2016,57
cod,2017,57
cod,2018,57
cod,2019,57
cod,2020,57
cog,1980,42
cog,1981,42
cog,1982,47
cog,1983,50
cog,1984,53
cog,1985,54
cog,1986,71
cog,1987,72
cog,1988,72
cog,1989,79
cog,1990,79
cog,1991,74
cog,1992,67
cog,1993,60
cog,1994,55
cog,1995,50
cog,1996,37
cog,1997,23
cog,1998,26
cog,1999,29
cog,2000,33
cog,2001,31
cog,2002,41
cog,2003,50
cog,2004,67
cog,2005,62
cog,2006,73
cog,2007,72
cog,2008,79
cog,2009,78
cog,2010,74
cog,2011,82
cog,2012,85
cog,2013,85
cog,2014,90
cog,2015,80
cog,2016,71
cog,2017,69
cog,2018,75
cog,2019,79
cog,2020,73
col,1980,16
col,1981,20
col,1982,26
col,1983,42
col,1984,61
col,1985,61
col,1986,48
col,1987,58
col,1988,74
col,1989,78
col,1990,88
col,1991,84
col,1992,78
col,1993,88
col,1994,85
col,1995,85
col,1996,85
col,1997,84
col,1998,73
col,1999,74
col,2000,79
col,2001,80
col,2002,81
col,2003,92
col,2004,89
col,2005,93
col,2006,93
col,2007,93
col,2008,92
col,2009,92
col,2010,88
col,2011,85
col,2012,91
col,2013,91
col,2014,90
col,2015,91
col,2016,91
col,2017,92
col,2018,92
col,2019,94
col,2020,88
com,1984,31
com,1985,51
com,1986,71
com,1987,71
com,1988,43
com,1989,82
com,1990,94
com,1991,52
com,1992,38
com,1993,70
com,1994,58
com,1995,75
com,1996,60
com,1997,48
com,1998,75
com,1999,73
com,2000,70
com,2001,70
com,2002,89
com,2003,80
com,2004,76
com,2005,68
com,2006,69
com,2007,75
com,2008,81
com,2009,83
com,2010,74
com,2011,83
com,2012,86
com,2013,87
com,2014,87
com,2015,91
com,2016,91
com,2017,91
com,2018,91
com,2019,91
com,2020,87
cpv,1983,23
cpv,1984,31
cpv,1985,39
cpv,1986,54
cpv,1987,92
cpv,1988,88
cpv,1989,99
cpv,1990,88
cpv,1991,87
cpv,1992,88
cpv,1993,89
cpv,1994,89
cpv,1995,88
cpv,1996,88
cpv,1997,87
cpv,1998,88
cpv,1999,89
cpv,2000,90
cpv,2001,90
cpv,2002,91
cpv,2003,92
cpv,2004,93
cpv,2005,95
cpv,2006,96
cpv,2007,98
cpv,2008,99
cpv,2009,99
cpv,2010,99
cpv,2011,90
cpv,2012,94
cpv,2013,93
cpv,2014,95
cpv,2015,93
cpv,2016,96
cpv,2017,96
cpv,2018,98
cpv,2019,96
cpv,2020,93
cri,1980,86
cri,1981,85
cri,1982,81
cri,1983,86
cri,1984,93
cri,1985,90
cri,1986,89
cri,1987,94
cri,1988,87
cri,1989,86
cri,1990,95
cri,1991,90
cri,1992,90
cri,1993,88
cri,1994,88
cri,1995,85
cri,1996,85
cri,1997,94
cri,1998,85
cri,1999,86
cri,2000,88
cri,2001,91
cri,2002,94
cri,2003,88
cri,2004,90
cri,2005,91
cri,2006,89
cri,2007,89
cri,2008,90
cri,2009,86
cri,2010,88
cri,2011,85
cri,2012,91
cri,2013,95
cri,2014,91
cri,2015,92
cri,2016,97
cri,2017,96
cri,2018,94
cri,2019,95
cri,2020,95
cub,1980,67
cub,1981,68
cub,1982,99
cub,1983,99
cub,1984,86
cub,1985,91
cub,1986,99
cub,1987,87
cub,1988,98
cub,1989,96
cub,1990,92
cub,1991,99
cub,1992,94
cub,1993,99
cub,1994,99
cub,1995,99
cub,1996,90
cub,1997,99
cub,1998,99
cub,1999,95
cub,2000,95
cub,2001,98
cub,2002,99
cub,2003,72
cub,2004,88
cub,2005,89
cub,2006,89
cub,2007,93
cub,2008,95
cub,2009,96
cub,2010,96
cub,2011,97
cub,2012,99
cub,2013,99
cub,2014,99
cub,2015,99
cub,2016,99
cub,2017,99
cub,2018,99
cub,2019,99
cub,2020,99
cyp,1980,34
cyp,1981,56
cyp,1982,26
cyp,1983,34
cyp,1984,30
cyp,1985,61
cyp,1986,91
cyp,1987,93
cyp,1988,90
cyp,1989,93
cyp,1990,93
cyp,1991,94
cyp,1992,94
cyp,1993,95
cyp,1994,95
cyp,1995,96
cyp,1996,98
cyp,1997,98
cyp,1998,98
cyp,1999,97
cyp,2000,97
cyp,2001,97
cyp,2002,98
cyp,2003,98
cyp,2004,98
cyp,2005,98
cyp,2006,97
cyp,2007,97
cyp,2008,97
cyp,2009,99
cyp,2010,99
cyp,2011,99
cyp,2012,99
cyp,2013,99
cyp,2014,99
cyp,2015,97
cyp,2016,97
cyp,2017,97
cyp,2018,99
cyp,2019,96
cze,1993,99
cze,1994,98
cze,1995,96
cze,1996,97
cze,1997,98
cze,1998,98
cze,1999,98
cze,2000,98
cze,2001,98
cze,2002,98
cze,2003,97
cze,2004,98
cze,2005,97
cze,2006,98
cze,2007,99
cze,2008,99
cze,2009,99
cze,2010,99
cze,2011,99
cze,2012,99
cze,2013,98
cze,2014,97
cze,2015,97
cze,2016,96
cze,2017,96
cze,2018,97
cze,2019,97
cze,2020,97
deu,1981,95
deu,1982,97
deu,1983,93
deu,1984,94
deu,1985,80
deu,1986,90
deu,1987,80
deu,1988,80
deu,1989,80
deu,1990,80
deu,1991,80
deu,1992,85
deu,1993,62
deu,1994,73
deu,1995,78
deu,1996,84
deu,1997,87
deu,1998,89
deu,1999,97
deu,2000,90
deu,2001,93
deu,2002,93
deu,2003,97
deu,2004,96
deu,2005,96
deu,2006,96
deu,2007,96
deu,2008,96
deu,2009,96
deu,2010,96
deu,2011,95
deu,2012,95
deu,2013,93
deu,2014,93
deu,2015,93
deu,2016,93
deu,2017,93
deu,2018,93
deu,2019,93
deu,2020,93
dji,1982,6
dji,1983,14
dji,1984,21
dji,1985,22
dji,1986,24
dji,1987,25
dji,1988,65
dji,1989,77
dji,1990,85
dji,1991,53
dji,1992,41
dji,1993,41
dji,1994,41
dji,1995,41
dji,1996,41
dji,1997,32
dji,1998,23
dji,1999,23
dji,2000,46
dji,2001,53
dji,2002,62
dji,2003,68
dji,2004,64
dji,2005,71
dji,2006,72
dji,2007,88
dji,2008,89
dji,2009,89
dji,2010,88
dji,2011,87
dji,2012,81
dji,2013,82
dji,2014,78
dji,2015,84
dji,2016,68
dji,2017,76
dji,2018,84
dji,2019,85
dji,2020,70
dma,1980,63
dma,1981,97
dma,1982,99
dma,1983,93
dma,1984,84
dma,1985,91
dma,1986,93
dma,1987,95
dma,1988,96
dma,1989,92
dma,1990,92
dma,1991,98
dma,1992,99
dma,1993,99
dma,1994,99
dma,1995,99
dma,1996,99
dma,1997,92
dma,1998,99
dma,1999,99
dma,2000,99
dma,2001,99
dma,2002,98
dma,2003,99
dma,2004,99
dma,2005,98
dma,2006,95
dma,2007,96
dma,2008,96
dma,2009,99
dma,2010,98
dma,2011,98
dma,2012,97
dma,2013,96
dma,2014,97
dma,2015,98
dma,2016,99
dma,2017,91
dma,2018,94
dma,2019,99
dma,2020,97
dnk,1980,88
dnk,1981,88
dnk,1982,87
dnk,1983,86
dnk,1984,86
dnk,1985,90
dnk,1986,89
dnk,1987,88
dnk,1988,87
dnk,1989,89
dnk,1990,90
dnk,1991,90
dnk,1992,91
dnk,1993,88
dnk,1994,89
dnk,1995,90
dnk,1996,77
dnk,1997,92
dnk,1998,99
dnk,1999,99
dnk,2000,97
dnk,2001,97
dnk,2002,98
dnk,2003,96
dnk,2004,95
dnk,2005,93
dnk,2006,93
dnk,2007,87
dnk,2008,88
dnk,2009,89
dnk,2010,90
dnk,2011,91
dnk,2012,94
dnk,2013,94
dnk,2014,94
dnk,2015,93
dnk,2016,94
dnk,2017,98
dnk,2018,97
dnk,2019,97
dnk,2020,97
dom,1980,36
dom,1981,27
dom,1982,28
dom,1983,29
dom,1984,34
dom,1985,39
dom,1986,80
dom,1987,80
dom,1988,69
dom,1989,58
dom,1990,69
dom,1991,71
dom,1992,73
dom,1993,75
dom,1994,74
dom,1995,72
dom,1996,72
dom,1997,73
dom,1998,75
dom,1999,83
dom,2000,78
dom,2001,72
dom,2002,82
dom,2003,79
dom,2004,79
dom,2005,87
dom,2006,89
dom,2007,85
dom,2008,82
dom,2009,82
dom,2010,88
dom,2011,84
dom,2012,85
dom,2013,83
dom,2014,91
dom,2015,85
dom,2016,87
dom,2017,84
dom,2018,94
dom,2019,89
dom,2020,82
dza,1985,69
dza,1986,73
dza,1987,79
dza,1988,85
dza,1989,87
dza,1990,89
dza,1991,89
dza,1992,88
dza,1993,88
dza,1994,87
dza,1995,88
dza,1996,88
dza,1997,89
dza,1998,85
dza,1999,83
dza,2000,86
dza,2001,89
dza,2002,86
dza,2003,87
dza,2004,86
dza,2005,88
dza,2006,95
dza,2007,95
dza,2008,93
dza,2009,95
dza,2010,95
dza,2011,95
dza,2012,95
dza,2013,95
dza,2014,95
dza,2015,95
dza,2016,91
dza,2017,91
dza,2018,91
dza,2019,91
ecu,1980,10
ecu,1981,26
ecu,1982,35
ecu,1983,31
ecu,1984,48
ecu,1985,41
ecu,1986,44
ecu,1987,51
ecu,1988,54
ecu,1989,55
ecu,1990,68
ecu,1991,59
ecu,1992,87
ecu,1993,85
ecu,1994,84
ecu,1995,83
ecu,1996,82
ecu,1997,81
ecu,1998,85
ecu,1999,79
ecu,2000,87
ecu,2001,89
ecu,2002,88
ecu,2003,87
ecu,2004,88
ecu,2005,92
ecu,2006,96
ecu,2007,96
ecu,2008,96
ecu,2009,94
ecu,2010,91
ecu,2011,88
ecu,2012,87
ecu,2013,87
ecu,2014,83
ecu,2015,78
ecu,2016,83
ecu,2017,85
ecu,2018,85
ecu,2019,85
ecu,2020,70
egy,1980,57
egy,1981,57
egy,1982,57
egy,1983,57
egy,1984,69
egy,1985,84
egy,1986,80
egy,1987,81
egy,1988,87
egy,1989,90
egy,1990,87
egy,1991,76
egy,1992,79
egy,1993,81
egy,1994,83
egy,1995,88
egy,1996,90
egy,1997,88
egy,1998,92
egy,1999,97
egy,2000,98
egy,2001,99
egy,2002,97
egy,2003,98
egy,2004,97
egy,2005,98
egy,2006,98
egy,2007,98
egy,2008,97
egy,2009,97
egy,2010,97
egy,2011,96
egy,2012,93
egy,2013,97
egy,2014,94
egy,2015,93
egy,2016,95
egy,2017,94
egy,2018,95
egy,2019,95
egy,2020,94
eri,1993,32
eri,1994,49
eri,1995,58
eri,1996,66
eri,1997,75
eri,1998,86
eri,1999,93
eri,2000,81
eri,2001,86
eri,2002,90
eri,2003,93
eri,2004,98
eri,2005,96
eri,2006,94
eri,2007,95
eri,2008,95
eri,2009,95
eri,2010,95
eri,2011,94
eri,2012,94
eri,2013,94
eri,2014,94
eri,2015,95
eri,2016,95
eri,2017,95
eri,2018,95
eri,2019,95
eri,2020,95
esp,1984,95
esp,1985,79
esp,1986,88
esp,1987,77
esp,1988,93
esp,1989,93
esp,1990,86
esp,1991,86
esp,1992,84
esp,1993,87
esp,1994,88
esp,1995,90
esp,1996,90
esp,1997,94
esp,1998,95
esp,1999,95
esp,2000,95
esp,2001,96
esp,2002,98
esp,2003,98
esp,2004,97
esp,2005,96
esp,2006,98
esp,2007,96
esp,2008,97
esp,2009,96
esp,2010,97
esp,2011,97
esp,2012,96
esp,2013,96
esp,2014,97
esp,2015,97
esp,2016,97
esp,2017,95
esp,2018,96
esp,2019,96
esp,2020,98
est,1993,71
est,1994,77
est,1995,82
est,1996,87
est,1997,87
est,1998,88
est,1999,91
est,2000,93
est,2001,94
est,2002,94
est,2003,94
est,2004,94
est,2005,96
est,2006,95
est,2007,95
est,2008,95
est,2009,95
est,2010,94
est,2011,93
est,2012,94
est,2013,94
est,2014,93
est,2015,93
est,2016,93
est,2017,93
est,2018,92
est,2019,91
est,2020,91
eth,1981,3
eth,1982,3
eth,1983,4
eth,1984,4
eth,1985,6
eth,1986,7
eth,1987,16
eth,1988,16
eth,1989,26
eth,1990,49
eth,1991,21
eth,1992,13
eth,1993,28
eth,1994,57
eth,1995,57
eth,1996,55
eth,1997,55
eth,1998,42
eth,1999,28
eth,2000,30
eth,2001,33
eth,2002,35
eth,2003,38
eth,2004,40
eth,2005,44
eth,2006,46
eth,2007,50
eth,2008,54
eth,2009,58
eth,2010,61
eth,2011,65
eth,2012,62
eth,2013,59
eth,2014,61
eth,2015,63
eth,2016,66
eth,2017,68
eth,2018,67
eth,2019,68
eth,2020,71
fin,1980,92
fin,1981,92
fin,1982,94
fin,1983,94
fin,1984,95
fin,1985,96
fin,1986,97
fin,1987,98
fin,1988,99
fin,1989,90
fin,1990,90
fin,1991,95
fin,1992,99
fin,1993,99
fin,1994,99
fin,1995,99
fin,1996,99
fin,1997,99
fin,1998,99
fin,1999,99
fin,2000,99
fin,2001,98
fin,2002,98
fin,2003,98
fin,2004,98
fin,2005,97
fin,2006,97
fin,2007,99
fin,2008,99
fin,2009,99
fin,2010,99
fin,2011,99
fin,2012,99
fin,2013,98
fin,2014,98
fin,2015,97
fin,2016,92
fin,2017,89
fin,2018,91
fin,2019,91
fin,2020,91
fji,1980,68
fji,1981,70
fji,1982,64
fji,1983,80
fji,1984,77
fji,1985,69
fji,1986,71
fji,1987,90
fji,1988,98
fji,1989,98
fji,1990,97
fji,1991,99
fji,1992,97
fji,1993,96
fji,1994,96
fji,1995,97
fji,1996,97
fji,1997,86
fji,1998,87
fji,1999,89
fji,2000,90
fji,2001,91
fji,2002,93
fji,2003,94
fji,2004,95
fji,2005,96
fji,2006,98
fji,2007,99
fji,2008,99
fji,2009,99
fji,2010,99
fji,2011,99
fji,2012,99
fji,2013,99
fji,2014,99
fji,2015,99
fji,2016,99
fji,2017,99
fji,2018,99
fji,2019,99
fji,2020,99
fra,1980,79
fra,1981,79
fra,1982,85
fra,1983,90
fra,1984,94
fra,1985,95
fra,1986,96
fra,1987,88
fra,1988,79
fra,1989,95
fra,1990,94
fra,1991,94
fra,1992,94
fra,1993,94
fra,1994,96
fra,1995,96
fra,1996,97
fra,1997,97
fra,1998,96
fra,1999,97
fra,2000,97
fra,2001,97
fra,2002,97
fra,2003,97
fra,2004,98
fra,2005,98
fra,2006,99
fra,2007,99
fra,2008,99
fra,2009,98
fra,2010,99
fra,2011,99
fra,2012,99
fra,2013,99
fra,2014,98
fra,2015,97
fra,2016,96
fra,2017,96
fra,2018,96
fra,2019,96
fsm,1987,57
fsm,1988,85
fsm,1989,95
fsm,1990,85
fsm,1991,79
fsm,1992,91
fsm,1993,78
fsm,1994,81
fsm,1995,83
fsm,1996,79
fsm,1997,75
fsm,1998,80
fsm,1999,76
fsm,2000,85
fsm,2001,75
fsm,2002,84
fsm,2003,92
fsm,2004,78
fsm,2005,94
fsm,2006,67
fsm,2007,79
fsm,2008,85
fsm,2009,91
fsm,2010,85
fsm,2011,84
fsm,2012,81
fsm,2013,81
fsm,2014,77
fsm,2015,72
fsm,2016,69
fsm,2017,73
fsm,2018,75
fsm,2019,78
fsm,2020,83
gab,1983,14
gab,1984,31
gab,1985,48
gab,1986,59
gab,1987,65
gab,1988,72
gab,1989,78
gab,1990,78
gab,1991,72
gab,1992,66
gab,1993,67
gab,1994,69
gab,1995,70
gab,1996,62
gab,1997,54
gab,1998,50
gab,1999,45
gab,2000,45
gab,2001,45
gab,2002,45
gab,2003,45
gab,2004,45
gab,2005,45
gab,2006,45
gab,2007,81
gab,2008,82
gab,2009,76
gab,2010,67
gab,2011,75
gab,2012,82
gab,2013,79
gab,2014,70
gab,2015,80
gab,2016,75
gab,2017,75
gab,2018,70
gab,2019,70
gab,2020,63
gbr,1980,41
gbr,1981,46
gbr,1982,53
gbr,1983,59
gbr,1984,65
gbr,1985,65
gbr,1986,67
gbr,1987,73
gbr,1988,75
gbr,1989,78
gbr,1990,84
gbr,1991,88
gbr,1992,92
gbr,1993,93
gbr,1994,93
gbr,1995,94
gbr,1996,94
gbr,1997,92
gbr,1998,91
gbr,1999,92
gbr,2000,91
gbr,2001,91
gbr,2002,91
gbr,2003,91
gbr,2004,92
gbr,2005,91
gbr,2006,92
gbr,2007,92
gbr,2008,92
gbr,2009,93
gbr,2010,94
gbr,2011,95
gbr,2012,95
gbr,2013,95
gbr,2014,95
gbr,2015,95
gbr,2016,94
gbr,2017,94
gbr,2018,94
gbr,2019,93
gbr,2020,93
geo,1992,58
geo,1993,54
geo,1994,58
geo,1995,79
geo,1996,80
geo,1997,80
geo,1998,80
geo,1999,84
geo,2000,80
geo,2001,87
geo,2002,84
geo,2003,75
geo,2004,78
geo,2005,82
geo,2006,88
geo,2007,98
geo,2008,92
geo,2009,88
geo,2010,92
geo,2011,94
geo,2012,92
geo,2013,93
geo,2014,91
geo,2015,94
geo,2016,92
geo,2017,91
geo,2018,93
geo,2019,94
geo,2020,88
gha,1980,7
gha,1981,22
gha,1982,23
gha,1983,23
gha,1984,19
gha,1985,22
gha,1986,35
gha,1987,42
gha,1988,47
gha,1989,51
gha,1990,58
gha,1991,60
gha,1992,62
gha,1993,66
gha,1994,70
gha,1995,70
gha,1996,71
gha,1997,71
gha,1998,76
gha,1999,79
gha,2000,88
gha,2001,79
gha,2002,78
gha,2003,80
gha,2004,80
gha,2005,84
gha,2006,84
gha,2007,94
gha,2008,93
gha,2009,94
gha,2010,94
gha,2011,91
gha,2012,92
gha,2013,90
gha,2014,98
gha,2015,88
gha,2016,93
gha,2017,99
gha,2018,97
gha,2019,97
gha,2020,94
gin,1982,15
gin,1983,15
gin,1984,15
gin,1985,15
gin,1986,15
gin,1987,15
gin,1988,16
gin,1989,17
gin,1990,17
gin,1991,36
gin,1992,52
gin,1993,53
gin,1994,53
gin,1995,54
gin,1996,48
gin,1997,47
gin,1998,56
gin,1999,43
gin,2000,46
gin,2001,50
gin,2002,53
gin,2003,57
gin,2004,60
gin,2005,59
gin,2006,57
gin,2007,63
gin,2008,60
gin,2009,57
gin,2010,64
gin,2011,63
gin,2012,57
gin,2013,50
gin,2014,44
gin,2015,47
gin,2016,47
gin,2017,47
gin,2018,47
gin,2019,47
gin,2020,47
gmb,1980,63
gmb,1981,76
gmb,1982,80
gmb,1983,62
gmb,1984,70
gmb,1985,78
gmb,1986,73
gmb,1987,85
gmb,1988,82
gmb,1989,87
gmb,1990,92
gmb,1991,85
gmb,1992,85
gmb,1993,90
gmb,1994,93
gmb,1995,96
gmb,1996,96
gmb,1997,96
gmb,1998,85
gmb,1999,74
gmb,2000,80
gmb,2001,87
gmb,2002,87
gmb,2003,87
gmb,2004,87
gmb,2005,95
gmb,2006,95
gmb,2007,95
gmb,2008,96
gmb,2009,98
gmb,2010,97
gmb,2011,96
gmb,2012,98
gmb,2013,97
gmb,2014,96
gmb,2015,97
gmb,2016,95
gmb,2017,92
gmb,2018,93
gmb,2019,88
gnb,1983,9
gnb,1984,18
gnb,1985,18
gnb,1986,47
gnb,1987,55
gnb,1988,66
gnb,1989,54
gnb,1990,61
gnb,1991,63
gnb,1992,67
gnb,1993,63
gnb,1994,74
gnb,1995,45
gnb,1996,53
gnb,1997,63
gnb,1998,54
gnb,1999,45
gnb,2000,49
gnb,2001,53
gnb,2002,57
gnb,2003,60
gnb,2004,64
gnb,2005,68
gnb,2006,71
gnb,2007,74
gnb,2008,77
gnb,2009,80
gnb,2010,83
gnb,2011,86
gnb,2012,87
gnb,2013,87
gnb,2014,86
gnb,2015,86
gnb,2016,85
gnb,2017,79
gnb,2018,82
gnb,2019,78
gnb,2020,74
gnq,1985,3
gnq,1986,3
gnq,1987,10
gnq,1988,19
gnq,1989,48
gnq,1990,77
gnq,1991,77
gnq,1992,76
gnq,1993,76
gnq,1994,77
gnq,1995,79
gnq,1996,80
gnq,1997,81
gnq,1998,81
gnq,1999,33
gnq,2000,35
gnq,2001,37
gnq,2002,39
gnq,2003,41
gnq,2004,43
gnq,2005,44
gnq,2006,46
gnq,2007,48
gnq,2008,50
gnq,2009,52
gnq,2010,54
gnq,2011,54
gnq,2012,54
gnq,2013,53
gnq,2014,53
gnq,2015,40
gnq,2016,53
gnq,2017,53
gnq,2018,53
gnq,2019,53
gnq,2020,53
grc,1980,72
grc,1981,95
grc,1982,83
grc,1983,72
grc,1984,60
grc,1985,54
grc,1986,80
grc,1987,82
grc,1988,83
grc,1989,54
grc,1990,54
grc,1991,85
grc,1992,89
grc,1993,89
grc,1994,90
grc,1995,90
grc,1996,90
grc,1997,90
grc,1998,89
grc,1999,88
grc,2000,89
grc,2001,91
grc,2002,92
grc,2003,94
grc,2004,95
grc,2005,96
grc,2006,98
grc,2007,99
grc,2008,99
grc,2009,99
grc,2010,99
grc,2011,99
grc,2012,99
grc,2013,99
grc,2014,99
grc,2015,99
grc,2016,99
grc,2017,99
grc,2018,99
grc,2019,99
grc,2020,99
grd,1980,25
grd,1981,43
grd,1982,56
grd,1983,68
grd,1984,76
grd,1985,61
grd,1986,98
grd,1987,80
grd,1988,65
grd,1989,87
grd,1990,80
grd,1991,85
grd,1992,90
grd,1993,89
grd,1994,91
grd,1995,95
grd,1996,80
grd,1997,95
grd,1998,97
grd,1999,88
grd,2000,97
grd,2001,96
grd,2002,98
grd,2003,97
grd,2004,83
grd,2005,99
grd,2006,91
grd,2007,96
grd,2008,99
grd,2009,99
grd,2010,97
grd,2011,95
grd,2012,97
grd,2013,97
grd,2014,97
grd,2015,92
grd,2016,96
grd,2017,96
grd,2018,95
grd,2019,92
grd,2020,72
gtm,1980,43
gtm,1981,42
gtm,1982,45
gtm,1983,44
gtm,1984,48
gtm,1985,21
gtm,1986,37
gtm,1987,16
gtm,1988,47
gtm,1989,50
gtm,1990,66
gtm,1991,63
gtm,1992,66
gtm,1993,75
gtm,1994,71
gtm,1995,77
gtm,1996,66
gtm,1997,73
gtm,1998,78
gtm,1999,77
gtm,2000,81
gtm,2001,77
gtm,2002,82
gtm,2003,84
gtm,2004,87
gtm,2005,87
gtm,2006,89
gtm,2007,85
gtm,2008,95
gtm,2009,92
gtm,2010,94
gtm,2011,88
gtm,2012,96
gtm,2013,85
gtm,2014,73
gtm,2015,74
gtm,2016,80
gtm,2017,82
gtm,2018,86
gtm,2019,85
gtm,2020,83
guy,1980,35
guy,1981,45
guy,1982,53
guy,1983,58
guy,1984,70
guy,1985,75
guy,1986,64
guy,1987,67
guy,1988,64
guy,1989,77
guy,1990,83
guy,1991,81
guy,1992,79
guy,1993,93
guy,1994,90
guy,1995,86
guy,1996,83
guy,1997,88
guy,1998,90
guy,1999,83
guy,2000,88
guy,2001,85
guy,2002,91
guy,2003,90
guy,2004,91
guy,2005,93
guy,2006,93
guy,2007,94
guy,2008,93
guy,2009,98
guy,2010,95
guy,2011,93
guy,2012,97
guy,2013,98
guy,2014,98
guy,2015,95
guy,2016,97
guy,2017,97
guy,2018,95
guy,2019,99
guy,2020,99
hnd,1980,28
hnd,1981,34
hnd,1982,46
hnd,1983,52
hnd,1984,41
hnd,1985,58
hnd,1986,62
hnd,1987,58
hnd,1988,74
hnd,1989,85
hnd,1990,84
hnd,1991,94
hnd,1992,93
hnd,1993,94
hnd,1994,94
hnd,1995,94
hnd,1996,94
hnd,1997,95
hnd,1998,97
hnd,1999,95
hnd,2000,94
hnd,2001,96
hnd,2002,95
hnd,2003,92
hnd,2004,94
hnd,2005,98
hnd,2006,95
hnd,2007,94
hnd,2008,93
hnd,2009,97
hnd,2010,97
hnd,2011,97
hnd,2012,98
hnd,2013,99
hnd,2014,99
hnd,2015,98
hnd,2016,95
hnd,2017,90
hnd,2018,91
hnd,2019,88
hnd,2020,80
hrv,1992,83
hrv,1993,85
hrv,1994,87
hrv,1995,90
hrv,1996,91
hrv,1997,92
hrv,1998,93
hrv,1999,93
hrv,2000,93
hrv,2001,94
hrv,2002,95
hrv,2003,94
hrv,2004,96
hrv,2005,96
hrv,2006,96
hrv,2007,96
hrv,2008,96
hrv,2009,96
hrv,2010,97
hrv,2011,96
hrv,2012,96
hrv,2013,96
hrv,2014,95
hrv,2015,94
hrv,2016,93
hrv,2017,92
hrv,2018,93
hrv,2019,94
hrv,2020,94
hti,1980,3
hti,1981,14
hti,1982,13
hti,1983,9
hti,1984,14
hti,1985,19
hti,1986,24
hti,1987,28
hti,1988,48
hti,1989,50
hti,1990,41
hti,1991,36
hti,1992,38
hti,1993,39
hti,1994,41
hti,1995,42
hti,1996,42
hti,1997,42
hti,1998,41
hti,1999,39
hti,2000,43
hti,2001,46
hti,2002,50
hti,2003,53
hti,2004,57
hti,2005,60
hti,2006,62
hti,2007,64
hti,2008,64
hti,2009,65
hti,2010,67
hti,2011,68
hti,2012,66
hti,2013,65
hti,2014,63
hti,2015,64
hti,2016,64
hti,2017,64
hti,2018,64
hti,2019,51
hti,2020,51
hun,1980,99
hun,1981,99
hun,1982,99
hun,1983,99
hun,1984,99
hun,1985,99
hun,1986,99
hun,1987,99
hun,1988,99
hun,1989,99
hun,1990,99
hun,1991,99
hun,1992,99
hun,1993,99
hun,1994,99
hun,1995,99
hun,1996,99
hun,1997,99
hun,1998,99
hun,1999,99
hun,2000,99
hun,2001,99
hun,2002,99
hun,2003,99
hun,2004,99
hun,2005,99
hun,2006,99
hun,2007,99
hun,2008,99
hun,2009,99
hun,2010,99
hun,2011,99
hun,2012,99
hun,2013,99
hun,2014,99
hun,2015,99
hun,2016,99
hun,2017,99
hun,2018,99
hun,2019,99
hun,2020,99
idn,1981,1
idn,1982,1
idn,1983,6
idn,1984,13
idn,1985,27
idn,1986,47
idn,1987,50
idn,1988,54
idn,1989,57
idn,1990,60
idn,1991,62
idn,1992,64
idn,1993,66
idn,1994,68
idn,1995,69
idn,1996,72
idn,1997,73
idn,1998,74
idn,1999,75
idn,2000,75
idn,2001,76
idn,2002,70
idn,2003,71
idn,2004,71
idn,2005,72
idn,2006,72
idn,2007,73
idn,2008,77
idn,2009,78
idn,2010,81
idn,2011,81
idn,2012,87
idn,2013,92
idn,2014,88
idn,2015,84
idn,2016,84
idn,2017,85
idn,2018,85
idn,2019,85
idn,2020,77
ind,1980,6
ind,1981,6
ind,1982,12
ind,1983,14
ind,1984,16
ind,1985,18
ind,1986,20
ind,1987,30
ind,1988,40
ind,1989,50
ind,1990,70
ind,1991,57
ind,1992,56
ind,1993,61
ind,1994,67
ind,1995,71
ind,1996,66
ind,1997,62
ind,1998,61
ind,1999,59
ind,2000,58
ind,2001,59
ind,2002,59
ind,2003,61
ind,2004,63
ind,2005,65
ind,2006,65
ind,2007,64
ind,2008,70
ind,2009,74
ind,2010,79
ind,2011,82
ind,2012,82
ind,2013,83
ind,2014,85
ind,2015,87
ind,2016,88
ind,2017,89
ind,2018,90
ind,2019,91
ind,2020,85
irl,1980,34
irl,1981,36
irl,1982,43
irl,1983,42
irl,1984,45
irl,1985,45
irl,1986,44
irl,1987,44
irl,1988,43
irl,1989,65
irl,1990,65
irl,1991,67
irl,1992,68
irl,1993,70
irl,1994,71
irl,1995,73
irl,1996,74
irl,1997,76
irl,1998,84
irl,1999,86
irl,2000,86
irl,2001,84
irl,2002,83
irl,2003,86
irl,2004,89
irl,2005,90
irl,2006,91
irl,2007,92
irl,2008,93
irl,2009,94
irl,2010,94
irl,2011,95
irl,2012,95
irl,2013,96
irl,2014,96
irl,2015,95
irl,2016,95
irl,2017,95
irl,2018,94
irl,2019,94
irl,2020,94
irn,1980,32
irn,1981,29
irn,1982,41
irn,1983,33
irn,1984,33
irn,1985,51
irn,1986,57
irn,1987,57
irn,1988,88
irn,1989,82
irn,1990,91
irn,1991,88
irn,1992,97
irn,1993,99
irn,1994,95
irn,1995,98
irn,1996,99
irn,1997,99
irn,1998,99
irn,1999,99
irn,2000,99
irn,2001,96
irn,2002,99
irn,2003,99
irn,2004,99
irn,2005,95
irn,2006,98
irn,2007,99
irn,2008,99
irn,2009,99
irn,2010,99
irn,2011,99
irn,2012,99
irn,2013,98
irn,2014,99
irn,2015,98
irn,2016,99
irn,2017,99
irn,2018,99
irn,2019,99
irn,2020,99
irq,1980,14
irq,1981,13
irq,1982,18
irq,1983,16
irq,1984,67
irq,1985,86
irq,1986,91
irq,1987,94
irq,1988,87
irq,1989,87
irq,1990,83
irq,1991,78
irq,1992,74
irq,1993,70
irq,1994,72
irq,1995,74
irq,1996,76
irq,1997,78
irq,1998,76
irq,1999,81
irq,2000,80
irq,2001,78
irq,2002,77
irq,2003,75
irq,2004,74
irq,2005,65
irq,2006,59
irq,2007,57
irq,2008,69
irq,2009,78
irq,2010,74
irq,2011,81
irq,2012,72
irq,2013,73
irq,2014,73
irq,2015,68
irq,2016,71
irq,2017,81
irq,2018,86
irq,2019,84
irq,2020,74
isl,1980,99
isl,1981,99
isl,1982,98
isl,1983,94
isl,1984,99
isl,1985,99
isl,1986,99
isl,1987,99
isl,1988,99
isl,1989,99
isl,1990,99
isl,1991,99
isl,1992,99
isl,1993,99
isl,1994,99
isl,1995,99
isl,1996,99
isl,1997,99
isl,1998,99
isl,1999,98
isl,2000,98
isl,2001,92
isl,2002,95
isl,2003,97
isl,2004,99
isl,2005,95
isl,2006,97
isl,2007,97
isl,2008,98
isl,2009,96
isl,2010,96
isl,2011,95
isl,2012,89
isl,2013,91
isl,2014,90
isl,2015,92
isl,2016,91
isl,2017,89
isl,2018,91
isl,2019,92
isl,2020,93
isr,1980,84
isr,1981,91
isr,1982,92
isr,1983,89
isr,1984,87
isr,1985,85
isr,1986,92
isr,1987,92
isr,1988,92
isr,1989,92
isr,1990,93
isr,1991,94
isr,1992,95
isr,1993,96
isr,1994,95
isr,1995,96
isr,1996,94
isr,1997,95
isr,1998,92
isr,1999,91
isr,2000,93
isr,2001,92
isr,2002,90
isr,2003,93
isr,2004,95
isr,2005,93
isr,2006,95
isr,2007,95
isr,2008,94
isr,2009,96
isr,2010,95
isr,2011,94
isr,2012,94
isr,2013,96
isr,2014,95
isr,2015,95
isr,2016,94
isr,2017,98
isr,2018,98
isr,2019,98
isr,2020,98
ita,1990,83
ita,1991,95
ita,1992,95
ita,1993,95
ita,1994,95
ita,1995,95
ita,1996,96
ita,1997,95
ita,1998,95
ita,1999,95
ita,2000,87
ita,2001,93
ita,2002,93
ita,2003,96
ita,2004,94
ita,2005,95
ita,2006,96
ita,2007,97
ita,2008,96
ita,2009,96
ita,2010,96
ita,2011,96
ita,2012,97
ita,2013,96
ita,2014,95
ita,2015,93
ita,2016,94
ita,2017,95
ita,2018,95
ita,2019,96
ita,2020,94
jam,1980,24
jam,1981,39
jam,1982,34
jam,1983,51
jam,1984,58
jam,1985,60
jam,1986,74
jam,1987,81
jam,1988,82
jam,1989,85
jam,1990,86
jam,1991,85
jam,1992,84
jam,1993,91
jam,1994,93
jam,1995,90
jam,1996,92
jam,1997,90
jam,1998,86
jam,1999,89
jam,2000,93
jam,2001,99
jam,2002,99
jam,2003,96
jam,2004,98
jam,2005,99
jam,2006,95
jam,2007,92
jam,2008,91
jam,2009,90
jam,2010,94
jam,2011,92
jam,2012,96
jam,2013,93
jam,2014,92
jam,2015,91
jam,2016,99
jam,2017,93
jam,2018,97
jam,2019,96
jam,2020,96
jor,1980,30
jor,1981,81
jor,1982,75
jor,1983,76
jor,1984,81
jor,1985,85
jor,1986,88
jor,1987,90
jor,1988,93
jor,1989,94
jor,1990,92
jor,1991,92
jor,1992,92
jor,1993,91
jor,1994,94
jor,1995,95
jor,1996,96
jor,1997,99
jor,1998,99
jor,1999,85
jor,2000,91
jor,2001,99
jor,2002,95
jor,2003,97
jor,2004,95
jor,2005,95
jor,2006,98
jor,2007,98
jor,2008,97
jor,2009,98
jor,2010,98
jor,2011,98
jor,2012,98
jor,2013,98
jor,2014,98
jor,2015,99
jor,2016,98
jor,2017,99
jor,2018,96
jor,2019,89
jor,2020,77
jpn,1980,60
jpn,1981,75
jpn,1982,81
jpn,1983,80
jpn,1984,82
jpn,1985,83
jpn,1986,84
jpn,1987,85
jpn,1988,86
jpn,1989,87
jpn,1990,90
jpn,1991,92
jpn,1992,87
jpn,1993,85
jpn,1994,80
jpn,1995,74
jpn,1996,99
jpn,1997,70
jpn,1998,75
jpn,1999,80
jpn,2000,85
jpn,2001,95
jpn,2002,96
jpn,2003,97
jpn,2004,99
jpn,2005,98
jpn,2006,98
jpn,2007,98
jpn,2008,98
jpn,2009,97
jpn,2010,97
jpn,2011,97
jpn,2012,97
jpn,2013,96
jpn,2014,96
jpn,2015,96
jpn,2016,99
jpn,2017,99
jpn,2018,98
jpn,2019,98
jpn,2020,96
kaz,1992,81
kaz,1993,76
kaz,1994,76
kaz,1995,93
kaz,1996,95
kaz,1997,97
kaz,1998,99
kaz,1999,98
kaz,2000,97
kaz,2001,95
kaz,2002,95
kaz,2003,99
kaz,2004,82
kaz,2005,98
kaz,2006,99
kaz,2007,93
kaz,2008,99
kaz,2009,98
kaz,2010,99
kaz,2011,99
kaz,2012,99
kaz,2013,98
kaz,2014,95
kaz,2015,98
kaz,2016,82
kaz,2017,99
kaz,2018,98
kaz,2019,97
kaz,2020,88
ken,1984,58
ken,1985,70
ken,1986,72
ken,1987,77
ken,1988,82
ken,1989,83
ken,1990,84
ken,1991,86
ken,1992,87
ken,1993,89
ken,1994,92
ken,1995,94
ken,1996,87
ken,1997,79
ken,1998,81
ken,1999,82
ken,2000,82
ken,2001,80
ken,2002,84
ken,2003,73
ken,2004,73
ken,2005,76
ken,2006,80
ken,2007,81
ken,2008,88
ken,2009,88
ken,2010,90
ken,2011,96
ken,2012,94
ken,2013,87
ken,2014,92
ken,2015,89
ken,2016,89
ken,2017,82
ken,2018,92
ken,2019,91
ken,2020,89
kgz,1992,84
kgz,1993,64
kgz,1994,82
kgz,1995,93
kgz,1996,98
kgz,1997,98
kgz,1998,97
kgz,1999,99
kgz,2000,99
kgz,2001,99
kgz,2002,98
kgz,2003,98
kgz,2004,99
kgz,2005,98
kgz,2006,92
kgz,2007,94
kgz,2008,95
kgz,2009,95
kgz,2010,96
kgz,2011,96
kgz,2012,96
kgz,2013,97
kgz,2014,96
kgz,2015,97
kgz,2016,96
kgz,2017,92
kgz,2018,94
kgz,2019,95
kgz,2020,87
khm,1984,17
khm,1985,23
khm,1986,37
khm,1987,37
khm,1988,45
khm,1989,47
khm,1990,38
khm,1991,38
khm,1992,32
khm,1993,35
khm,1994,37
khm,1995,39
khm,1996,43
khm,1997,46
khm,1998,47
khm,1999,53
khm,2000,59
khm,2001,60
khm,2002,54
khm,2003,69
khm,2004,85
khm,2005,82
khm,2006,80
khm,2007,82
khm,2008,91
khm,2009,94
khm,2010,90
khm,2011,91
khm,2012,90
khm,2013,86
khm,2014,91
khm,2015,92
khm,2016,93
khm,2017,93
khm,2018,92
khm,2019,92
khm,2020,92
kir,1980,43
kir,1981,29
kir,1982,53
kir,1983,40
kir,1984,18
kir,1985,37
kir,1986,37
kir,1987,36
kir,1988,63
kir,1989,79
kir,1990,97
kir,1991,70
kir,1992,86
kir,1993,99
kir,1994,71
kir,1995,60
kir,1996,79
kir,1997,91
kir,1998,88
kir,1999,78
kir,2000,90
kir,2001,85
kir,2002,77
kir,2003,70
kir,2004,62
kir,2005,79
kir,2006,86
kir,2007,94
kir,2008,82
kir,2009,86
kir,2010,91
kir,2011,99
kir,2012,94
kir,2013,95
kir,2014,75
kir,2015,78
kir,2016,81
kir,2017,90
kir,2018,95
kir,2019,97
kir,2020,92
kna,1980,56
kna,1981,67
kna,1982,92
kna,1983,90
kna,1984,97
kna,1985,92
kna,1986,99
kna,1987,96
kna,1988,94
kna,1989,99
kna,1990,99
kna,1991,99
kna,1992,99
kna,1993,99
kna,1994,99
kna,1995,99
kna,1996,99
kna,1997,99
kna,1998,98
kna,1999,99
kna,2000,99
kna,2001,99
kna,2002,97
kna,2003,99
kna,2004,96
kna,2005,99
kna,2006,99
kna,2007,99
kna,2008,99
kna,2009,98
kna,2010,96
kna,2011,98
kna,2012,98
kna,2013,97
kna,2014,98
kna,2015,94
kna,2016,98
kna,2017,98
kna,2018,98
kna,2019,97
kna,2020,99
kor,1981,61
kor,1982,61
kor,1983,69
kor,1984,76
kor,1985,76
kor,1986,76
kor,1987,57
kor,1988,58
kor,1989,89
kor,1990,74
kor,1991,79
kor,1992,84
kor,1993,88
kor,1994,93
kor,1995,99
kor,1996,90
kor,1997,80
kor,1998,74
kor,1999,86
kor,2000,97
kor,2001,97
kor,2002,97
kor,2003,97
kor,2004,88
kor,2005,96
kor,2006,98
kor,2007,91
kor,2008,94
kor,2009,94
kor,2010,94
kor,2011,99
kor,2012,99
kor,2013,99
kor,2014,99
kor,2015,98
kor,2016,98
kor,2017,97
kor,2018,98
kor,2019,98
kwt,1980,67
kwt,1981,79
kwt,1982,83
kwt,1983,89
kwt,1984,89
kwt,1985,90
kwt,1986,91
kwt,1987,92
kwt,1988,94
kwt,1989,94
kwt,1990,71
kwt,1991,80
kwt,1992,88
kwt,1993,97
kwt,1994,99
kwt,1995,99
kwt,1996,99
kwt,1997,96
kwt,1998,95
kwt,1999,94
kwt,2000,98
kwt,2001,99
kwt,2002,99
kwt,2003,99
kwt,2004,98
kwt,2005,99
kwt,2006,99
kwt,2007,99
kwt,2008,99
kwt,2009,99
kwt,2010,98
kwt,2011,99
kwt,2012,98
kwt,2013,99
kwt,2014,95
kwt,2015,99
kwt,2016,99
kwt,2017,99
kwt,2018,91
kwt,2019,91
lao,1981,7
lao,1982,7
lao,1983,7
lao,1984,5
lao,1985,4
lao,1986,5
lao,1987,10
lao,1988,17
lao,1989,21
lao,1990,18
lao,1991,22
lao,1992,23
lao,1993,25
lao,1994,48
lao,1995,54
lao,1996,58
lao,1997,60
lao,1998,54
lao,1999,55
lao,2000,51
lao,2001,52
lao,2002,53
lao,2003,49
lao,2004,45
lao,2005,49
lao,2006,57
lao,2007,50
lao,2008,61
lao,2009,67
lao,2010,74
lao,2011,76
lao,2012,77
lao,2013,83
lao,2014,83
lao,2015,83
lao,2016,83
lao,2017,84
lao,2018,85
lao,2019,80
lao,2020,79
lbn,1981,2
lbn,1982,4
lbn,1983,4
lbn,1984,4
lbn,1985,17
lbn,1986,30
lbn,1987,46
lbn,1988,63
lbn,1989,79
lbn,1990,82
lbn,1991,86
lbn,1992,90
lbn,1993,91
lbn,1994,92
lbn,1995,93
lbn,1996,93
lbn,1997,92
lbn,1998,89
lbn,1999,86
lbn,2000,83
lbn,2001,80
lbn,2002,77
lbn,2003,74
lbn,2004,75
lbn,2005,77
lbn,2006,78
lbn,2007,80
lbn,2008,81
lbn,2009,81
lbn,2010,82
lbn,2011,82
lbn,2012,83
lbn,2013,83
lbn,2014,83
lbn,2015,83
lbn,2016,83
lbn,2017,83
lbn,2018,83
lbn,2019,83
lbn,2020,71
lbr,1999,50
lbr,2000,46
lbr,2001,42
lbr,2002,39
lbr,2003,35
lbr,2004,31
lbr,2005,60
lbr,2006,60
lbr,2007,65
lbr,2008,75
lbr,2009,81
lbr,2010,70
lbr,2011,77
lbr,2012,80
lbr,2013,80
lbr,2014,63
lbr,2015,65
lbr,2016,73
lbr,2017,80
lbr,2018,80
lbr,2019,70
lbr,2020,65
lby,1980,60
lby,1981,67
lby,1982,72
lby,1983,79
lby,1984,81
lby,1985,81
lby,1986,82
lby,1987,82
lby,1988,84
lby,1989,87
lby,1990,84
lby,1991,87
lby,1992,90
lby,1993,96
lby,1994,95
lby,1995,95
lby,1996,96
lby,1997,96
lby,1998,95
lby,1999,94
lby,2000,94
lby,2001,94
lby,2002,93
lby,2003,95
lby,2004,97
lby,2005,98
lby,2006,98
lby,2007,98
lby,2008,98
lby,2009,98
lby,2010,98
lby,2011,98
lby,2012,98
lby,2013,96
lby,2014,94
lby,2015,97
lby,2016,97
lby,2017,96
lby,2018,73
lby,2019,73
lby,2020,73
lca,1980,56
lca,1981,64
lca,1982,79
lca,1983,81
lca,1984,83
lca,1985,87
lca,1986,78
lca,1987,85
lca,1988,78
lca,1989,92
lca,1990,89
lca,1991,96
lca,1992,96
lca,1993,97
lca,1994,93
lca,1995,98
lca,1996,88
lca,1997,98
lca,1998,88
lca,1999,89
lca,2000,70
lca,2001,99
lca,2002,74
lca,2003,90
lca,2004,91
lca,2005,95
lca,2006,85
lca,2007,99
lca,2008,96
lca,2009,95
lca,2010,97
lca,2011,99
lca,2012,98
lca,2013,99
lca,2014,99
lca,2015,99
lca,2016,95
lca,2017,80
lca,2018,95
lca,2019,92
lca,2020,86
lka,1980,46
lka,1981,45
lka,1982,57
lka,1983,64
lka,1984,66
lka,1985,70
lka,1986,75
lka,1987,77
lka,1988,83
lka,1989,87
lka,1990,86
lka,1991,86
lka,1992,88
lka,1993,90
lka,1994,88
lka,1995,93
lka,1996,92
lka,1997,97
lka,1998,94
lka,1999,99
lka,2000,99
lka,2001,98
lka,2002,98
lka,2003,99
lka,2004,97
lka,2005,99
lka,2006,98
lka,2007,98
lka,2008,98
lka,2009,97
lka,2010,99
lka,2011,99
lka,2012,99
lka,2013,99
lka,2014,99
lka,2015,99
lka,2016,99
lka,2017,99
lka,2018,99
lka,2019,99
lka,2020,96
lso,1980,56
lso,1981,56
lso,1982,61
lso,1983,66
lso,1984,74
lso,1985,82
lso,1986,81
lso,1987,79
lso,1988,80
lso,1989,81
lso,1990,82
lso,1991,84
lso,1992,85
lso,1993,86
lso,1994,87
lso,1995,88
lso,1996,87
lso,1997,87
lso,1998,88
lso,1999,88
lso,2000,83
lso,2001,78
lso,2002,84
lso,2003,90
lso,2004,90
lso,2005,89
lso,2006,89
lso,2007,88
lso,2008,88
lso,2009,91
lso,2010,93
lso,2011,96
lso,2012,95
lso,2013,93
lso,2014,88
lso,2015,83
lso,2016,87
lso,2017,87
lso,2018,87
lso,2019,87
lso,2020,87
ltu,1992,78
ltu,1993,83
ltu,1994,83
ltu,1995,90
ltu,1996,91
ltu,1997,90
ltu,1998,93
ltu,1999,93
ltu,2000,94
ltu,2001,95
ltu,2002,95
ltu,2003,94
ltu,2004,94
ltu,2005,94
ltu,2006,94
ltu,2007,95
ltu,2008,96
ltu,2009,98
ltu,2010,95
ltu,2011,92
ltu,2012,93
ltu,2013,93
ltu,2014,93
ltu,2015,93
ltu,2016,94
ltu,2017,94
ltu,2018,92
ltu,2019,92
ltu,2020,91
lux,1983,75
lux,1984,68
lux,1985,77
lux,1986,86
lux,1987,95
lux,1988,90
lux,1989,90
lux,1990,90
lux,1991,91
lux,1992,93
lux,1993,94
lux,1994,95
lux,1995,97
lux,1996,98
lux,1997,98
lux,1998,98
lux,1999,98
lux,2000,99
lux,2001,99
lux,2002,99
lux,2003,98
lux,2004,99
lux,2005,99
lux,2006,99
lux,2007,99
lux,2008,99
lux,2009,99
lux,2010,99
lux,2011,99
lux,2012,99
lux,2013,99
lux,2014,99
lux,2015,99
lux,2016,99
lux,2017,99
lux,2018,99
lux,2019,99
lux,2020,99
lva,1992,87
lva,1993,80
lva,1994,97
lva,1995,98
lva,1996,93
lva,1997,92
lva,1998,94
lva,1999,95
lva,2000,96
lva,2001,97
lva,2002,97
lva,2003,98
lva,2004,99
lva,2005,99
lva,2006,96
lva,2007,94
lva,2008,94
lva,2009,94
lva,2010,92
lva,2011,92
lva,2012,91
lva,2013,94
lva,2014,92
lva,2015,94
lva,2016,98
lva,2017,98
lva,2018,96
lva,2019,99
lva,2020,99
mar,1982,32
mar,1983,41
mar,1984,45
mar,1985,51
mar,1986,63
mar,1987,85
mar,1988,82
mar,1989,80
mar,1990,81
mar,1991,81
mar,1992,87
mar,1993,86
mar,1994,87
mar,1995,90
mar,1996,95
mar,1997,94
mar,1998,93
mar,1999,91
mar,2000,95
mar,2001,96
mar,2002,94
mar,2003,91
mar,2004,97
mar,2005,98
mar,2006,97
mar,2007,95
mar,2008,99
mar,2009,99
mar,2010,99
mar,2011,99
mar,2012,99
mar,2013,99
mar,2014,99
mar,2015,99
mar,2016,99
mar,2017,99
mar,2018,99
mar,2019,99
mco,1988,99
mco,1989,99
mco,1990,99
mco,1991,98
mco,1992,98
mco,1993,99
mco,1994,99
mco,1995,99
mco,1996,99
mco,1997,99
mco,1998,99
mco,1999,99
mco,2000,99
mco,2001,99
mco,2002,99
mco,2003,99
mco,2004,99
mco,2005,99
mco,2006,99
mco,2007,99
mco,2008,99
mco,2009,99
mco,2010,99
mco,2011,99
mco,2012,99
mco,2013,99
mco,2014,99
mco,2015,99
mco,2016,99
mco,2017,99
mco,2018,99
mco,2019,99
mda,1992,84
mda,1993,70
mda,1994,86
mda,1995,96
mda,1996,97
mda,1997,97
mda,1998,97
mda,1999,97
mda,2000,95
mda,2001,97
mda,2002,97
mda,2003,98
mda,2004,98
mda,2005,98
mda,2006,97
mda,2007,92
mda,2008,90
mda,2009,85
mda,2010,90
mda,2011,93
mda,2012,92
mda,2013,90
mda,2014,90
mda,2015,87
mda,2016,89
mda,2017,88
mda,2018,93
mda,2019,91
mda,2020,86
mdg,1982,15
mdg,1983,23
mdg,1984,19
mdg,1985,23
mdg,1986,30
mdg,1987,35
mdg,1988,42
mdg,1989,45
mdg,1990,46
mdg,1991,53
mdg,1992,65
mdg,1993,66
mdg,1994,66
mdg,1995,57
mdg,1996,49
mdg,1997,49
mdg,1998,52
mdg,1999,55
mdg,2000,57
mdg,2001,60
mdg,2002,62
mdg,2003,66
mdg,2004,78
mdg,2005,85
mdg,2006,85
mdg,2007,84
mdg,2008,77
mdg,2009,77
mdg,2010,70
mdg,2011,73
mdg,2012,68
mdg,2013,70
mdg,2014,68
mdg,2015,62
mdg,2016,68
mdg,2017,65
mdg,2018,66
mdg,2019,70
mdg,2020,68
mdv,1980,4
mdv,1981,1
mdv,1982,1
mdv,1983,13
mdv,1984,24
mdv,1985,28
mdv,1986,42
mdv,1987,42
mdv,1988,86
mdv,1989,91
mdv,1990,94
mdv,1991,98
mdv,1992,98
mdv,1993,90
mdv,1994,96
mdv,1995,94
mdv,1996,97
mdv,1997,97
mdv,1998,97
mdv,1999,97
mdv,2000,98
mdv,2001,98
mdv,2002,98
mdv,2003,98
mdv,2004,96
mdv,2005,98
mdv,2006,98
mdv,2007,98
mdv,2008,98
mdv,2009,98
mdv,2010,96
mdv,2011,96
mdv,2012,99
mdv,2013,99
mdv,2014,99
mdv,2015,99
mdv,2016,99
mdv,2017,99
mdv,2018,99
mdv,2019,98
mdv,2020,99
mex,1980,44
mex,1981,43
mex,1982,40
mex,1983,41
mex,1984,52
mex,1985,40
mex,1986,51
mex,1987,62
mex,1988,60
mex,1989,65
mex,1990,53
mex,1991,88
mex,1992,90
mex,1993,82
mex,1994,91
mex,1995,91
mex,1996,95
mex,1997,95
mex,1998,96
mex,1999,96
mex,2000,97
mex,2001,97
mex,2002,97
mex,2003,98
mex,2004,98
mex,2005,98
mex,2006,98
mex,2007,98
mex,2008,96
mex,2009,95
mex,2010,95
mex,2011,97
mex,2012,99
mex,2013,83
mex,2014,87
mex,2015,87
mex,2016,93
mex,2017,85
mex,2018,88
mex,2019,82
mex,2020,74
mhl,1988,92
mhl,1989,92
mhl,1990,92
mhl,1991,71
mhl,1992,82
mhl,1993,56
mhl,1994,67
mhl,1995,70
mhl,1996,78
mhl,1997,78
mhl,1998,86
mhl,1999,66
mhl,2000,39
mhl,2001,48
mhl,2002,80
mhl,2003,68
mhl,2004,64
mhl,2005,77
mhl,2006,74
mhl,2007,93
mhl,2008,95
mhl,2009,96
mhl,2010,94
mhl,2011,87
mhl,2012,80
mhl,2013,79
mhl,2014,78
mhl,2015,85
mhl,2016,71
mhl,2017,80
mhl,2018,81
mhl,2019,79
mkd,1993,90
mkd,1994,88
mkd,1995,95
mkd,1996,93
mkd,1997,97
mkd,1998,94
mkd,1999,95
mkd,2000,95
mkd,2001,91
mkd,2002,96
mkd,2003,96
mkd,2004,94
mkd,2005,97
mkd,2006,93
mkd,2007,95
mkd,2008,95
mkd,2009,96
mkd,2010,95
mkd,2011,96
mkd,2012,95
mkd,2013,98
mkd,2014,95
mkd,2015,91
mkd,2016,95
mkd,2017,91
mkd,2018,92
mkd,2019,92
mkd,2020,84
mli,1985,8
mli,1986,8
mli,1987,8
mli,1988,18
mli,1989,26
mli,1990,42
mli,1991,34
mli,1992,38
mli,1993,46
mli,1994,39
mli,1995,49
mli,1996,53
mli,1997,52
mli,1998,52
mli,1999,40
mli,2000,43
mli,2001,49
mli,2002,61
mli,2003,63
mli,2004,69
mli,2005,77
mli,2006,78
mli,2007,74
mli,2008,74
mli,2009,73
mli,2010,73
mli,2011,66
mli,2012,65
mli,2013,64
mli,2014,66
mli,2015,71
mli,2016,76
mli,2017,77
mli,2018,77
mli,2019,77
mli,2020,70
mlt,1984,50
mlt,1985,37
mlt,1986,86
mlt,1987,87
mlt,1988,87
mlt,1989,47
mlt,1990,63
mlt,1991,86
mlt,1992,82
mlt,1993,83
mlt,1994,88
mlt,1995,92
mlt,1996,92
mlt,1997,92
mlt,1998,92
mlt,1999,93
mlt,2000,94
mlt,2001,95
mlt,2002,95
mlt,2003,94
mlt,2004,89
mlt,2005,92
mlt,2006,85
mlt,2007,74
mlt,2008,72
mlt,2009,73
mlt,2010,76
mlt,2011,96
mlt,2012,99
mlt,2013,99
mlt,2014,99
mlt,2015,97
mlt,2016,97
mlt,2017,98
mlt,2018,97
mlt,2019,98
mlt,2020,98
mmr,1980,4
mmr,1981,5
mmr,1982,9
mmr,1983,11
mmr,1984,12
mmr,1985,16
mmr,1986,20
mmr,1987,23
mmr,1988,28
mmr,1989,50
mmr,1990,88
mmr,1991,66
mmr,1992,71
mmr,1993,73
mmr,1994,77
mmr,1995,84
mmr,1996,88
mmr,1997,90
mmr,1998,90
mmr,1999,75
mmr,2000,82
mmr,2001,73
mmr,2002,79
mmr,2003,78
mmr,2004,82
mmr,2005,73
mmr,2006,82
mmr,2007,86
mmr,2008,85
mmr,2009,90
mmr,2010,90
mmr,2011,84
mmr,2012,84
mmr,2013,75
mmr,2014,88
mmr,2015,89
mmr,2016,90
mmr,2017,89
mmr,2018,91
mmr,2019,90
mmr,2020,84
mne,2006,90
mne,2007,92
mne,2008,95
mne,2009,92
mne,2010,94
mne,2011,95
mne,2012,94
mne,2013,94
mne,2014,91
mne,2015,89
mne,2016,89
mne,2017,87
mne,2018,86
mne,2019,85
mne,2020,84
mng,1980,76
mng,1981,78
mng,1982,79
mng,1983,79
mng,1984,77
mng,1985,80
mng,1986,81
mng,1987,80
mng,1988,82
mng,1989,84
mng,1990,84
mng,1991,81
mng,1992,64
mng,1993,79
mng,1994,78
mng,1995,88
mng,1996,90
mng,1997,92
mng,1998,94
mng,1999,94
mng,2000,94
mng,2001,95
mng,2002,98
mng,2003,98
mng,2004,99
mng,2005,99
mng,2006,99
mng,2007,95
mng,2008,96
mng,2009,95
mng,2010,96
mng,2011,99
mng,2012,99
mng,2013,98
mng,2014,99
mng,2015,99
mng,2016,99
mng,2017,99
mng,2018,99
mng,2019,98
mng,2020,96
moz,1981,56
moz,1982,43
moz,1983,38
moz,1984,32
moz,1985,29
moz,1986,32
moz,1987,39
moz,1988,38
moz,1989,47
moz,1990,46
moz,1991,46
moz,1992,50
moz,1993,49
moz,1994,55
moz,1995,57
moz,1996,60
moz,1997,62
moz,1998,65
moz,1999,68
moz,2000,70
moz,2001,73
moz,2002,76
moz,2003,85
moz,2004,83
moz,2005,80
moz,2006,78
moz,2007,75
moz,2008,75
moz,2009,74
moz,2010,74
moz,2011,78
moz,2012,81
moz,2013,85
moz,2014,88
moz,2015,88
moz,2016,88
moz,2017,88
moz,2018,88
moz,2019,88
moz,2020,79
mrt,1981,18
mrt,1982,20
mrt,1983,20
mrt,1984,21
mrt,1985,27
mrt,1986,32
mrt,1987,30
mrt,1988,28
mrt,1989,28
mrt,1990,33
mrt,1991,29
mrt,1992,39
mrt,1993,44
mrt,1994,50
mrt,1995,55
mrt,1996,50
mrt,1997,28
mrt,1998,16
mrt,1999,53
mrt,2000,51
mrt,2001,75
mrt,2002,89
mrt,2003,76
mrt,2004,70
mrt,2005,71
mrt,2006,68
mrt,2007,75
mrt,2008,74
mrt,2009,64
mrt,2010,64
mrt,2011,75
mrt,2012,80
mrt,2013,80
mrt,2014,81
mrt,2015,73
mrt,2016,74
mrt,2017,81
mrt,2018,81
mrt,2019,81
mrt,2020,71
mus,1980,89
mus,1981,82
mus,1982,94
mus,1983,89
mus,1984,85
mus,1985,88
mus,1986,86
mus,1987,84
mus,1988,86
mus,1989,85
mus,1990,85
mus,1991,91
mus,1992,88
mus,1993,88
mus,1994,89
mus,1995,93
mus,1996,89
mus,1997,90
mus,1998,89
mus,1999,85
mus,2000,88
mus,2001,92
mus,2002,88
mus,2003,99
mus,2004,98
mus,2005,97
mus,2006,97
mus,2007,97
mus,2008,99
mus,2009,99
mus,2010,99
mus,2011,98
mus,2012,98
mus,2013,98
mus,2014,97
mus,2015,97
mus,2016,96
mus,2017,94
mus,2018,97
mus,2019,96
mus,2020,93
mwi,1980,58
mwi,1981,66
mwi,1982,64
mwi,1983,63
mwi,1984,58
mwi,1985,55
mwi,1986,57
mwi,1987,78
mwi,1988,82
mwi,1989,87
mwi,1990,87
mwi,1991,87
mwi,1992,87
mwi,1993,91
mwi,1994,82
mwi,1995,89
mwi,1996,90
mwi,1997,95
mwi,1998,96
mwi,1999,85
mwi,2000,75
mwi,2001,90
mwi,2002,64
mwi,2003,84
mwi,2004,89
mwi,2005,93
mwi,2006,99
mwi,2007,87
mwi,2008,91
mwi,2009,93
mwi,2010,93
mwi,2011,97
mwi,2012,96
mwi,2013,89
mwi,2014,91
mwi,2015,88
mwi,2016,84
mwi,2017,88
mwi,2018,92
mwi,2019,95
mwi,2020,94
mys,1980,67
mys,1981,66
mys,1982,73
mys,1983,58
mys,1984,54
mys,1985,57
mys,1986,62
mys,1987,69
mys,1988,68
mys,1989,84
mys,1990,90
mys,1991,92
mys,1992,94
mys,1993,91
mys,1994,95
mys,1995,98
mys,1996,97
mys,1997,98
mys,1998,97
mys,1999,97
mys,2000,98
mys,2001,96
mys,2002,94
mys,2003,96
mys,2004,95
mys,2005,96
mys,2006,95
mys,2007,97
mys,2008,97
mys,2009,97
mys,2010,96
mys,2011,96
mys,2012,97
mys,2013,97
mys,2014,97
mys,2015,99
mys,2016,95
mys,2017,99
mys,2018,99
mys,2019,98
mys,2020,98
nam,1991,69
nam,1992,70
nam,1993,73
nam,1994,79
nam,1995,74
nam,1996,70
nam,1997,66
nam,1998,74
nam,1999,72
nam,2000,79
nam,2001,78
nam,2002,77
nam,2003,79
nam,2004,81
nam,2005,86
nam,2006,86
nam,2007,86
nam,2008,83
nam,2009,83
nam,2010,83
nam,2011,82
nam,2012,84
nam,2013,89
nam,2014,88
nam,2015,92
nam,2016,85
nam,2017,88
nam,2018,89
nam,2019,87
ner,1981,6
ner,1982,6
ner,1983,5
ner,1984,5
ner,1985,4
ner,1986,5
ner,1987,7
ner,1988,9
ner,1989,13
ner,1990,22
ner,1991,19
ner,1992,20
ner,1993,20
ner,1994,20
ner,1995,23
ner,1996,23
ner,1997,25
ner,1998,29
ner,1999,32
ner,2000,34
ner,2001,36
ner,2002,39
ner,2003,41
ner,2004,43
ner,2005,45
ner,2006,51
ner,2007,57
ner,2008,67
ner,2009,71
ner,2010,70
ner,2011,75
ner,2012,71
ner,2013,73
ner,2014,81
ner,2015,84
ner,2016,80
ner,2017,85
ner,2018,79
ner,2019,81
ner,2020,81
nga,1984,9
nga,1985,16
nga,1986,22
nga,1987,29
nga,1988,36
nga,1989,47
nga,1990,56
nga,1991,39
nga,1992,43
nga,1993,29
nga,1994,44
nga,1995,34
nga,1996,26
nga,1997,21
nga,1998,32
nga,1999,31
nga,2000,29
nga,2001,27
nga,2002,25
nga,2003,29
nga,2004,33
nga,2005,36
nga,2006,40
nga,2007,42
nga,2008,53
nga,2009,63
nga,2010,54
nga,2011,48
nga,2012,42
nga,2013,43
nga,2014,43
nga,2015,42
nga,2016,53
nga,2017,55
nga,2018,56
nga,2019,57
nga,2020,57
nic,1980,16
nic,1981,23
nic,1982,27
nic,1983,24
nic,1984,33
nic,1985,39
nic,1986,45
nic,1987,51
nic,1988,47
nic,1989,68
nic,1990,70
nic,1991,75
nic,1992,81
nic,1993,81
nic,1994,81
nic,1995,80
nic,1996,80
nic,1997,80
nic,1998,73
nic,1999,79
nic,2000,83
nic,2001,87
nic,2002,85
nic,2003,86
nic,2004,79
nic,2005,86
nic,2006,88
nic,2007,93
nic,2008,97
nic,2009,98
nic,2010,98
nic,2011,98
nic,2012,98
nic,2013,98
nic,2014,98
nic,2015,98
nic,2016,98
nic,2017,98
nic,2018,98
nic,2019,98
nic,2020,92
nld,1980,96
nld,1981,96
nld,1982,97
nld,1983,97
nld,1984,97
nld,1985,97
nld,1986,97
nld,1987,97
nld,1988,97
nld,1989,97
nld,1990,97
nld,1991,97
nld,1992,98
nld,1993,97
nld,1994,97
nld,1995,97
nld,1996,97
nld,1997,97
nld,1998,97
nld,1999,97
nld,2000,97
nld,2001,97
nld,2002,97
nld,2003,98
nld,2004,98
nld,2005,96
nld,2006,96
nld,2007,97
nld,2008,97
nld,2009,97
nld,2010,97
nld,2011,97
nld,2012,97
nld,2013,97
nld,2014,96
nld,2015,95
nld,2016,95
nld,2017,94
nld,2018,93
nld,2019,94
nld,2020,94
nor,1983,90
nor,1984,90
nor,1985,85
nor,1986,83
nor,1987,80
nor,1988,83
nor,1989,83
nor,1990,86
nor,1991,96
nor,1992,98
nor,1993,94
nor,1994,93
nor,1995,97
nor,1996,97
nor,1997,95
nor,1998,93
nor,1999,92
nor,2000,90
nor,2001,91
nor,2002,93
nor,2003,92
nor,2004,92
nor,2005,91
nor,2006,94
nor,2007,93
nor,2008,94
nor,2009,94
nor,2010,93
nor,2011,94
nor,2012,95
nor,2013,94
nor,2014,93
nor,2015,95
nor,2016,96
nor,2017,96
nor,2018,96
nor,2019,97
nor,2020,97
npl,1980,8
npl,1981,16
npl,1982,18
npl,1983,23
npl,1984,27
npl,1985,32
npl,1986,38
npl,1987,46
npl,1988,45
npl,1989,44
npl,1990,43
npl,1991,46
npl,1992,49
npl,1993,51
npl,1994,54
npl,1995,54
npl,1996,65
npl,1997,78
npl,1998,71
npl,1999,65
npl,2000,74
npl,2001,72
npl,2002,72
npl,2003,78
npl,2004,80
npl,2005,75
npl,2006,89
npl,2007,82
npl,2008,82
npl,2009,89
npl,2010,82
npl,2011,92
npl,2012,90
npl,2013,92
npl,2014,92
npl,2015,91
npl,2016,87
npl,2017,90
npl,2018,91
npl,2019,93
npl,2020,84
nru,1984,67
nru,1985,67
nru,1986,61
nru,1987,55
nru,1988,67
nru,1989,75
nru,1990,74
nru,1991,70
nru,1992,67
nru,1993,63
nru,1994,60
nru,1995,56
nru,1996,53
nru,1997,50
nru,1998,72
nru,1999,64
nru,2000,44
nru,2001,95
nru,2002,80
nru,2003,80
nru,2004,80
nru,2005,80
nru,2006,72
nru,2007,99
nru,2008,99
nru,2009,99
nru,2010,99
nru,2011,99
nru,2012,79
nru,2013,87
nru,2014,95
nru,2015,91
nru,2016,97
nru,2017,87
nru,2018,90
nru,2019,96
nru,2020,95
nzl,1980,76
nzl,1981,72
nzl,1982,73
nzl,1983,73
nzl,1984,83
nzl,1985,72
nzl,1986,70
nzl,1987,67
nzl,1988,69
nzl,1989,80
nzl,1990,90
nzl,1991,81
nzl,1992,81
nzl,1993,83
nzl,1994,84
nzl,1995,89
nzl,1996,88
nzl,1997,86
nzl,1998,81
nzl,1999,88
nzl,2000,90
nzl,2001,90
nzl,2002,90
nzl,2003,90
nzl,2004,89
nzl,2005,89
nzl,2006,89
nzl,2007,88
nzl,2008,89
nzl,2009,92
nzl,2010,93
nzl,2011,95
nzl,2012,93
nzl,2013,92
nzl,2014,93
nzl,2015,92
nzl,2016,92
nzl,2017,94
nzl,2018,93
nzl,2019,92
nzl,2020,92
omn,1980,18
omn,1981,19
omn,1982,24
omn,1983,31
omn,1984,45
omn,1985,60
omn,1986,82
omn,1987,89
omn,1988,90
omn,1989,98
omn,1990,98
omn,1991,95
omn,1992,99
omn,1993,97
omn,1994,97
omn,1995,99
omn,1996,99
omn,1997,99
omn,1998,99
omn,1999,99
omn,2000,99
omn,2001,99
omn,2002,99
omn,2003,99
omn,2004,99
omn,2005,99
omn,2006,98
omn,2007,99
omn,2008,99
omn,2009,98
omn,2010,99
omn,2011,99
omn,2012,98
omn,2013,98
omn,2014,99
omn,2015,99
omn,2016,99
omn,2017,99
omn,2018,99
omn,2019,99
omn,2020,99
pak,1980,2
pak,1981,3
pak,1982,5
pak,1983,15
pak,1984,23
pak,1985,30
pak,1986,34
pak,1987,36
pak,1988,38
pak,1989,40
pak,1990,54
pak,1991,50
pak,1992,42
pak,1993,37
pak,1994,39
pak,1995,58
pak,1996,46
pak,1997,52
pak,1998,54
pak,1999,57
pak,2000,59
pak,2001,61
pak,2002,63
pak,2003,66
pak,2004,68
pak,2005,63
pak,2006,59
pak,2007,54
pak,2008,53
pak,2009,52
pak,2010,52
pak,2011,63
pak,2012,64
pak,2013,65
pak,2014,69
pak,2015,72
pak,2016,75
pak,2017,75
pak,2018,80
pak,2019,84
pak,2020,77
pan,1980,47
pan,1981,78
pan,1982,60
pan,1983,60
pan,1984,59
pan,1985,73
pan,1986,70
pan,1987,72
pan,1988,75
pan,1989,70
pan,1990,86
pan,1991,82
pan,1992,77
pan,1993,83
pan,1994,83
pan,1995,86
pan,1996,91
pan,1997,95
pan,1998,98
pan,1999,92
pan,2000,98
pan,2001,99
pan,2002,99
pan,2003,98
pan,2004,95
pan,2005,92
pan,2006,88
pan,2007,85
pan,2008,86
pan,2009,85
pan,2010,94
pan,2011,87
pan,2012,85
pan,2013,80
pan,2014,80
pan,2015,73
pan,2016,86
pan,2017,81
pan,2018,88
pan,2019,88
pan,2020,74
per,1980,16
per,1981,20
per,1982,23
per,1983,23
per,1984,28
per,1985,48
per,1986,50
per,1987,43
per,1988,60
per,1989,58
per,1990,72
per,1991,71
per,1992,83
per,1993,87
per,1994,87
per,1995,90
per,1996,94
per,1997,90
per,1998,94
per,1999,99
per,2000,98
per,2001,90
per,2002,95
per,2003,94
per,2004,86
per,2005,77
per,2006,94
per,2007,93
per,2008,93
per,2009,93
per,2010,93
per,2011,91
per,2012,95
per,2013,88
per,2014,88
per,2015,90
per,2016,89
per,2017,83
per,2018,84
per,2019,88
per,2020,72
phl,1980,47
phl,1981,54
phl,1982,54
phl,1983,55
phl,1984,57
phl,1985,59
phl,1986,66
phl,1987,72
phl,1988,79
phl,1989,86
phl,1990,88
phl,1991,90
phl,1992,80
phl,1993,76
phl,1994,73
phl,1995,70
phl,1996,75
phl,1997,81
phl,1998,81
phl,1999,80
phl,2000,78
phl,2001,79
phl,2002,79
phl,2003,84
phl,2004,88
phl,2005,89
phl,2006,88
phl,2007,87
phl,2008,91
phl,2009,87
phl,2010,79
phl,2011,87
phl,2012,88
phl,2013,87
phl,2014,63
phl,2015,55
phl,2016,84
phl,2017,82
phl,2018,79
phl,2019,77
phl,2020,71
plw,1986,98
plw,1987,81
plw,1988,99
plw,1989,78
plw,1990,99
plw,1991,98
plw,1992,93
plw,1993,89
plw,1994,67
plw,1995,99
plw,1996,98
plw,1997,91
plw,1998,96
plw,1999,96
plw,2000,96
plw,2001,98
plw,2002,99
plw,2003,99
plw,2004,98
plw,2005,98
plw,2006,98
plw,2007,94
plw,2008,92
plw,2009,49
plw,2010,69
plw,2011,84
plw,2012,89
plw,2013,99
plw,2014,95
plw,2015,90
plw,2016,98
plw,2017,97
plw,2018,95
plw,2019,97
plw,2020,96
png,1980,32
png,1981,32
png,1982,29
png,1983,27
png,1984,34
png,1985,40
png,1986,44
png,1987,44
png,1988,48
png,1989,53
png,1990,68
png,1991,68
png,1992,58
png,1993,58
png,1994,61
png,1995,62
png,1996,56
png,1997,45
png,1998,60
png,1999,60
png,2000,59
png,2001,55
png,2002,61
png,2003,68
png,2004,62
png,2005,72
png,2006,70
png,2007,66
png,2008,56
png,2009,64
png,2010,55
png,2011,58
png,2012,57
png,2013,60
png,2014,52
png,2015,49
png,2016,46
png,2017,36
png,2018,35
png,2019,35
png,2020,39
pol,1980,96
pol,1981,96
pol,1982,95
pol,1983,95
pol,1984,95
pol,1985,94
pol,1986,95
pol,1987,96
pol,1988,96
pol,1989,96
pol,1990,96
pol,1991,95
pol,1992,95
pol,1993,95
pol,1994,96
pol,1995,96
pol,1996,97
pol,1997,98
pol,1998,98
pol,1999,98
pol,2000,98
pol,2001,98
pol,2002,99
pol,2003,99
pol,2004,99
pol,2005,99
pol,2006,99
pol,2007,99
pol,2008,99
pol,2009,99
pol,2010,99
pol,2011,99
pol,2012,99
pol,2013,99
pol,2014,98
pol,2015,98
pol,2016,98
pol,2017,96
pol,2018,95
pol,2019,95
pol,2020,90
prk,1980,50
prk,1981,52
prk,1982,51
prk,1983,52
prk,1984,67
prk,1985,55
prk,1986,61
prk,1987,86
prk,1988,87
prk,1989,97
prk,1990,98
prk,1991,97
prk,1992,90
prk,1993,90
prk,1994,77
prk,1995,64
prk,1996,50
prk,1997,37
prk,1998,43
prk,1999,50
prk,2000,56
prk,2001,62
prk,2002,64
prk,2003,68
prk,2004,72
prk,2005,79
prk,2006,89
prk,2007,92
prk,2008,92
prk,2009,93
prk,2010,93
prk,2011,94
prk,2012,96
prk,2013,93
prk,2014,93
prk,2015,96
prk,2016,96
prk,2017,97
prk,2018,97
prk,2019,97
prk,2020,97
prt,1980,73
prt,1981,75
prt,1982,78
prt,1983,79
prt,1984,78
prt,1985,72
prt,1986,81
prt,1987,83
prt,1988,81
prt,1989,88
prt,1990,89
prt,1991,96
prt,1992,94
prt,1993,93
prt,1994,97
prt,1995,93
prt,1996,95
prt,1997,94
prt,1998,97
prt,1999,97
prt,2000,96
prt,2001,97
prt,2002,98
prt,2003,99
prt,2004,95
prt,2005,93
prt,2006,97
prt,2007,97
prt,2008,97
prt,2009,96
prt,2010,98
prt,2011,97
prt,2012,98
prt,2013,98
prt,2014,98
prt,2015,98
prt,2016,98
prt,2017,98
prt,2018,99
prt,2019,99
prt,2020,99
pry,1980,17
pry,1981,28
pry,1982,34
pry,1983,45
pry,1984,67
pry,1985,57
pry,1986,53
pry,1987,58
pry,1988,56
pry,1989,61
pry,1990,67
pry,1991,66
pry,1992,73
pry,1993,66
pry,1994,71
pry,1995,68
pry,1996,72
pry,1997,75
pry,1998,79
pry,1999,82
pry,2000,86
pry,2001,89
pry,2002,87
pry,2003,86
pry,2004,92
pry,2005,96
pry,2006,98
pry,2007,95
pry,2008,89
pry,2009,86
pry,2010,91
pry,2011,92
pry,2012,91
pry,2013,91
pry,2014,93
pry,2015,92
pry,2016,92
pry,2017,91
pry,2018,88
pry,2019,86
pry,2020,79
pse,1993,94
pse,1994,98
pse,1995,99
pse,1996,97
pse,1997,96
pse,1998,98
pse,1999,89
pse,2000,93
pse,2001,97
pse,2002,97
pse,2003,98
pse,2004,96
pse,2005,96
pse,2006,96
pse,2007,99
pse,2008,96
pse,2009,97
pse,2010,99
pse,2011,99
pse,2012,97
pse,2013,99
pse,2014,99
pse,2015,99
pse,2016,99
pse,2017,99
pse,2018,99
pse,2019,99
pse,2020,99
qat,1980,61
qat,1981,43
qat,1982,37
qat,1983,49
qat,1984,60
qat,1985,71
qat,1986,72
qat,1987,72
qat,1988,69
qat,1989,81
qat,1990,82
qat,1991,86
qat,1992,88
qat,1993,90
qat,1994,91
qat,1995,92
qat,1996,92
qat,1997,92
qat,1998,94
qat,1999,92
qat,2000,80
qat,2001,93
qat,2002,96
qat,2003,92
qat,2004,96
qat,2005,97
qat,2006,96
qat,2007,94
qat,2008,97
qat,2009,99
qat,2010,97
qat,2011,93
qat,2012,92
qat,2013,97
qat,2014,89
qat,2015,99
qat,2016,98
qat,2017,97
qat,2018,98
qat,2019,98
qat,2020,82
rou,1985,95
rou,1986,89
rou,1987,92
rou,1988,96
rou,1989,96
rou,1990,96
rou,1991,98
rou,1992,98
rou,1993,91
rou,1994,98
rou,1995,98
rou,1996,98
rou,1997,97
rou,1998,97
rou,1999,97
rou,2000,99
rou,2001,99
rou,2002,98
rou,2003,97
rou,2004,97
rou,2005,97
rou,2006,97
rou,2007,96
rou,2008,96
rou,2009,95
rou,2010,94
rou,2011,89
rou,2012,91
rou,2013,92
rou,2014,94
rou,2015,89
rou,2016,89
rou,2017,82
rou,2018,86
rou,2019,88
rou,2020,87
rus,1992,73
rus,1993,79
rus,1994,88
rus,1995,78
rus,1996,84
rus,1997,88
rus,1998,91
rus,1999,95
rus,2000,96
rus,2001,96
rus,2002,97
rus,2003,96
rus,2004,97
rus,2005,98
rus,2006,98
rus,2007,98
rus,2008,98
rus,2009,98
rus,2010,97
rus,2011,97
rus,2012,97
rus,2013,97
rus,2014,97
rus,2015,97
rus,2016,97
rus,2017,97
rus,2018,97
rus,2019,97
rus,2020,97
rwa,1981,17
rwa,1982,38
rwa,1983,59
rwa,1984,55
rwa,1985,50
rwa,1986,87
rwa,1987,88
rwa,1988,80
rwa,1989,82
rwa,1990,84
rwa,1991,91
rwa,1992,85
rwa,1993,83
rwa,1994,23
rwa,1995,83
rwa,1996,89
rwa,1997,73
rwa,1998,79
rwa,1999,85
rwa,2000,90
rwa,2001,77
rwa,2002,88
rwa,2003,96
rwa,2004,89
rwa,2005,95
rwa,2006,99
rwa,2007,97
rwa,2008,97
rwa,2009,97
rwa,2010,97
rwa,2011,97
rwa,2012,98
rwa,2013,98
rwa,2014,98
rwa,2015,98
rwa,2016,98
rwa,2017,98
rwa,2018,97
rwa,2019,98
rwa,2020,91
sau,1980,41
sau,1981,53
sau,1982,62
sau,1983,67
sau,1984,76
sau,1985,81
sau,1986,86
sau,1987,89
sau,1988,89
sau,1989,96
sau,1990,92
sau,1991,91
sau,1992,91
sau,1993,94
sau,1994,95
sau,1995,96
sau,1996,93
sau,1997,92
sau,1998,94
sau,1999,93
sau,2000,95
sau,2001,97
sau,2002,95
sau,2003,95
sau,2004,96
sau,2005,96
sau,2006,96
sau,2007,96
sau,2008,98
sau,2009,98
sau,2010,98
sau,2011,98
sau,2012,98
sau,2013,98
sau,2014,98
sau,2015,98
sau,2016,98
sau,2017,98
sau,2018,96
sau,2019,96
sau,2020,95
sdn,1980,1
sdn,1981,1
sdn,1982,2
sdn,1983,3
sdn,1984,4
sdn,1985,8
sdn,1986,14
sdn,1987,27
sdn,1988,40
sdn,1989,60
sdn,1990,62
sdn,1991,62
sdn,1992,53
sdn,1993,51
sdn,1994,46
sdn,1995,48
sdn,1996,56
sdn,1997,55
sdn,1998,46
sdn,1999,55
sdn,2000,62
sdn,2001,66
sdn,2002,60
sdn,2003,69
sdn,2004,74
sdn,2005,78
sdn,2006,78
sdn,2007,84
sdn,2008,86
sdn,2009,81
sdn,2010,90
sdn,2011,93
sdn,2012,92
sdn,2013,93
sdn,2014,94
sdn,2015,93
sdn,2016,93
sdn,2017,95
sdn,2018,93
sdn,2019,93
sdn,2020,90
sen,1986,54
sen,1987,57
sen,1988,59
sen,1989,47
sen,1990,51
sen,1991,51
sen,1992,59
sen,1993,58
sen,1994,57
sen,1995,80
sen,1996,70
sen,1997,59
sen,1998,59
sen,1999,60
sen,2000,52
sen,2001,52
sen,2002,60
sen,2003,73
sen,2004,87
sen,2005,84
sen,2006,89
sen,2007,94
sen,2008,88
sen,2009,86
sen,2010,89
sen,2011,92
sen,2012,91
sen,2013,92
sen,2014,89
sen,2015,89
sen,2016,93
sen,2017,93
sen,2018,92
sen,2019,95
sen,2020,91
sgp,1980,84
sgp,1981,87
sgp,1982,83
sgp,1983,84
sgp,1984,77
sgp,1985,78
sgp,1986,91
sgp,1987,96
sgp,1988,90
sgp,1989,90
sgp,1990,85
sgp,1991,91
sgp,1992,89
sgp,1993,92
sgp,1994,95
sgp,1995,98
sgp,1996,97
sgp,1997,98
sgp,1998,97
sgp,1999,97
sgp,2000,98
sgp,2001,96
sgp,2002,94
sgp,2003,96
sgp,2004,95
sgp,2005,96
sgp,2006,95
sgp,2007,97
sgp,2008,97
sgp,2009,97
sgp,2010,96
sgp,2011,96
sgp,2012,97
sgp,2013,97
sgp,2014,96
sgp,2015,96
sgp,2016,97
sgp,2017,96
sgp,2018,96
sgp,2019,96
slb,1980,46
slb,1981,35
slb,1982,23
slb,1983,27
slb,1984,45
slb,1985,38
slb,1986,42
slb,1987,66
slb,1988,69
slb,1989,67
slb,1990,77
slb,1991,76
slb,1992,71
slb,1993,65
slb,1994,68
slb,1995,69
slb,1996,72
slb,1997,72
slb,1998,70
slb,1999,88
slb,2000,86
slb,2001,84
slb,2002,78
slb,2003,84
slb,2004,90
slb,2005,89
slb,2006,99
slb,2007,88
slb,2008,85
slb,2009,86
slb,2010,83
slb,2011,91
slb,2012,92
slb,2013,83
slb,2014,77
slb,2015,87
slb,2016,94
slb,2017,83
slb,2018,85
slb,2019,94
slb,2020,94
sle,1999,43
sle,2000,44
sle,2001,38
sle,2002,53
sle,2003,73
sle,2004,65
sle,2005,65
sle,2006,64
sle,2007,64
sle,2008,77
sle,2009,84
sle,2010,86
sle,2011,89
sle,2012,91
sle,2013,92
sle,2014,83
sle,2015,86
sle,2016,84
sle,2017,90
sle,2018,93
sle,2019,95
sle,2020,91
slv,1980,44
slv,1981,42
slv,1982,42
slv,1983,21
slv,1984,31
slv,1985,55
slv,1986,50
slv,1987,53
slv,1988,63
slv,1989,64
slv,1990,80
slv,1991,61
slv,1992,60
slv,1993,79
slv,1994,90
slv,1995,99
slv,1996,96
slv,1997,97
slv,1998,99
slv,1999,94
slv,2000,99
slv,2001,92
slv,2002,81
slv,2003,94
slv,2004,90
slv,2005,89
slv,2006,96
slv,2007,99
slv,2008,98
slv,2009,91
slv,2010,89
slv,2011,89
slv,2012,92
slv,2013,92
slv,2014,94
slv,2015,91
slv,2016,93
slv,2017,85
slv,2018,81
slv,2019,81
slv,2020,72
smr,1983,99
smr,1984,99
smr,1985,99
smr,1986,99
smr,1987,99
smr,1988,99
smr,1989,99
smr,1990,99
smr,1991,99
smr,1992,99
smr,1993,99
smr,1994,88
smr,1995,99
smr,1996,99
smr,1997,99
smr,1998,99
smr,1999,99
smr,2000,98
smr,2001,97
smr,2002,96
smr,2003,96
smr,2004,95
smr,2005,96
smr,2006,92
smr,2007,91
smr,2008,91
smr,2009,90
smr,2010,90
smr,2011,92
smr,2012,89
smr,2013,86
smr,2014,84
smr,2015,85
smr,2016,86
smr,2017,88
smr,2018,90
smr,2019,88
smr,2020,89
som,1981,2
som,1982,5
som,1983,5
som,1984,10
som,1985,22
som,1986,17
som,1987,25
som,1988,26
som,1989,18
som,1990,19
som,1991,20
som,1992,21
som,1993,22
som,1994,23
som,1995,22
som,1996,21
som,1997,19
som,1998,33
som,1999,36
som,2000,33
som,2001,33
som,2002,40
som,2003,40
som,2004,30
som,2005,35
som,2006,26
som,2007,40
som,2008,31
som,2009,42
som,2010,45
som,2011,41
som,2012,42
som,2013,42
som,2014,42
som,2015,42
som,2016,42
som,2017,42
som,2018,42
som,2019,42
som,2020,42
srb,1992,84
srb,1993,85
srb,1994,85
srb,1995,89
srb,1996,91
srb,1997,94
srb,1998,93
srb,1999,92
srb,2000,95
srb,2001,93
srb,2002,95
srb,2003,89
srb,2004,88
srb,2005,98
srb,2006,92
srb,2007,94
srb,2008,95
srb,2009,95
srb,2010,91
srb,2011,94
srb,2012,91
srb,2013,95
srb,2014,93
srb,2015,95
srb,2016,92
srb,2017,95
srb,2018,96
srb,2019,97
srb,2020,92
ssd,2011,61
ssd,2012,63
ssd,2013,53
ssd,2014,50
ssd,2015,46
ssd,2016,45
ssd,2017,47
ssd,2018,49
ssd,2019,49
ssd,2020,49
stp,1981,42
stp,1982,34
stp,1983,26
stp,1984,49
stp,1985,48
stp,1986,65
stp,1987,72
stp,1988,77
stp,1989,63
stp,1990,92
stp,1991,87
stp,1992,68
stp,1993,60
stp,1994,83
stp,1995,79
stp,1996,68
stp,1997,73
stp,1998,73
stp,1999,78
stp,2000,82
stp,2001,92
stp,2002,92
stp,2003,94
stp,2004,96
stp,2005,97
stp,2006,97
stp,2007,97
stp,2008,99
stp,2009,98
stp,2010,98
stp,2011,96
stp,2012,96
stp,2013,97
stp,2014,95
stp,2015,96
stp,2016,96
stp,2017,95
stp,2018,95
stp,2019,95
sur,1980,25
sur,1981,27
sur,1982,61
sur,1983,85
sur,1984,80
sur,1985,84
sur,1986,80
sur,1987,71
sur,1988,64
sur,1989,72
sur,1990,83
sur,1991,75
sur,1992,74
sur,1993,76
sur,1994,74
sur,1995,84
sur,1996,85
sur,1997,81
sur,1998,90
sur,1999,85
sur,2000,71
sur,2001,68
sur,2002,73
sur,2003,75
sur,2004,85
sur,2005,83
sur,2006,84
sur,2007,84
sur,2008,85
sur,2009,87
sur,2010,94
sur,2011,80
sur,2012,76
sur,2013,76
sur,2014,71
sur,2015,73
sur,2016,77
sur,2017,67
sur,2018,81
sur,2019,77
sur,2020,51
svk,1994,99
svk,1995,99
svk,1996,99
svk,1997,99
svk,1998,99
svk,1999,99
svk,2000,99
svk,2001,99
svk,2002,99
svk,2003,99
svk,2004,99
svk,2005,99
svk,2006,99
svk,2007,99
svk,2008,99
svk,2009,99
svk,2010,99
svk,2011,99
svk,2012,99
svk,2013,98
svk,2014,97
svk,2015,96
svk,2016,96
svk,2017,96
svk,2018,96
svk,2019,97
svk,2020,97
svn,1992,98
svn,1993,98
svn,1994,98
svn,1995,98
svn,1996,98
svn,1997,94
svn,1998,91
svn,1999,92
svn,2000,91
svn,2001,92
svn,2002,93
svn,2003,95
svn,2004,94
svn,2005,95
svn,2006,97
svn,2007,97
svn,2008,97
svn,2009,96
svn,2010,96
svn,2011,96
svn,2012,96
svn,2013,95
svn,2014,95
svn,2015,95
svn,2016,94
svn,2017,94
svn,2018,93
svn,2019,95
svn,2020,95
swe,1980,99
swe,1981,99
swe,1982,99
swe,1983,99
swe,1984,99
swe,1985,99
swe,1986,99
swe,1987,99
swe,1988,99
swe,1989,99
swe,1990,99
swe,1991,99
swe,1992,99
swe,1993,99
swe,1994,99
swe,1995,99
swe,1996,99
swe,1997,99
swe,1998,99
swe,1999,99
swe,2000,99
swe,2001,99
swe,2002,99
swe,2003,99
swe,2004,99
swe,2005,98
swe,2006,98
swe,2007,98
swe,2008,98
swe,2009,98
swe,2010,98
swe,2011,98
swe,2012,98
swe,2013,98
swe,2014,97
swe,2015,98
swe,2016,98
swe,2017,97
swe,2018,97
swe,2019,98
swe,2020,97
swz,1981,30
swz,1982,39
swz,1983,43
swz,1984,50
swz,1985,61
swz,1986,74
swz,1987,86
swz,1988,89
swz,1989,89
swz,1990,89
swz,1991,79
swz,1992,93
swz,1993,89
swz,1994,96
swz,1995,82
swz,1996,82
swz,1997,82
swz,1998,83
swz,1999,83
swz,2000,84
swz,2001,84
swz,2002,85
swz,2003,85
swz,2004,86
swz,2005,86
swz,2006,87
swz,2007,87
swz,2008,88
swz,2009,88
swz,2010,89
swz,2011,91
swz,2012,95
swz,2013,98
swz,2014,98
swz,2015,90
swz,2016,90
swz,2017,90
swz,2018,90
swz,2019,90
swz,2020,83
syc,1981,13
syc,1982,55
syc,1983,97
syc,1984,95
syc,1985,86
syc,1986,94
syc,1987,89
syc,1988,94
syc,1989,97
syc,1990,99
syc,1991,98
syc,1992,96
syc,1993,96
syc,1994,96
syc,1995,97
syc,1996,99
syc,1997,98
syc,1998,99
syc,1999,99
syc,2000,98
syc,2001,96
syc,2002,99
syc,2003,99
syc,2004,99
syc,2005,99
syc,2006,99
syc,2007,99
syc,2008,99
syc,2009,99
syc,2010,99
syc,2011,99
syc,2012,98
syc,2013,98
syc,2014,99
syc,2015,97
syc,2016,96
syc,2017,97
syc,2018,99
syc,2019,99
syc,2020,97
syr,1980,13
syr,1981,14
syr,1982,15
syr,1983,21
syr,1984,25
syr,1985,29
syr,1986,86
syr,1987,42
syr,1988,59
syr,1989,94
syr,1990,91
syr,1991,89
syr,1992,89
syr,1993,90
syr,1994,89
syr,1995,89
syr,1996,88
syr,1997,87
syr,1998,87
syr,1999,86
syr,2000,84
syr,2001,82
syr,2002,84
syr,2003,83
syr,2004,81
syr,2005,80
syr,2006,80
syr,2007,80
syr,2008,79
syr,2009,80
syr,2010,80
syr,2011,72
syr,2012,45
syr,2013,41
syr,2014,43
syr,2015,41
syr,2016,42
syr,2017,48
syr,2018,47
syr,2019,54
syr,2020,49
tcd,1983,1
tcd,1984,3
tcd,1985,3
tcd,1986,10
tcd,1987,14
tcd,1988,14
tcd,1989,20
tcd,1990,20
tcd,1991,18
tcd,1992,10
tcd,1993,13
tcd,1994,18
tcd,1995,18
tcd,1996,20
tcd,1997,24
tcd,1998,35
tcd,1999,45
tcd,2000,36
tcd,2001,26
tcd,2002,25
tcd,2003,23
tcd,2004,21
tcd,2005,25
tcd,2006,40
tcd,2007,28
tcd,2008,19
tcd,2009,24
tcd,2010,39
tcd,2011,33
tcd,2012,40
tcd,2013,39
tcd,2014,36
tcd,2015,42
tcd,2016,41
tcd,2017,41
tcd,2018,46
tcd,2019,50
tcd,2020,52
tgo,1981,9
tgo,1982,14
tgo,1983,18
tgo,1984,11
tgo,1985,24
tgo,1986,37
tgo,1987,61
tgo,1988,54
tgo,1989,72
tgo,1990,77
tgo,1991,73
tgo,1992,69
tgo,1993,66
tgo,1994,62
tgo,1995,58
tgo,1996,50
tgo,1997,42
tgo,1998,42
tgo,1999,57
tgo,2000,64
tgo,2001,50
tgo,2002,59
tgo,2003,72
tgo,2004,71
tgo,2005,82
tgo,2006,84
tgo,2007,82
tgo,2008,81
tgo,2009,78
tgo,2010,83
tgo,2011,85
tgo,2012,84
tgo,2013,84
tgo,2014,84
tgo,2015,82
tgo,2016,82
tgo,2017,83
tgo,2018,81
tgo,2019,84
tgo,2020,82
tha,1980,49
tha,1981,52
tha,1982,49
tha,1983,49
tha,1984,53
tha,1985,62
tha,1986,66
tha,1987,75
tha,1988,80
tha,1989,84
tha,1990,92
tha,1991,90
tha,1992,85
tha,1993,89
tha,1994,93
tha,1995,96
tha,1996,94
tha,1997,95
tha,1998,96
tha,1999,97
tha,2000,97
tha,2001,96
tha,2002,96
tha,2003,98
tha,2004,98
tha,2005,98
tha,2006,98
tha,2007,98
tha,2008,99
tha,2009,99
tha,2010,99
tha,2011,99
tha,2012,99
tha,2013,99
tha,2014,99
tha,2015,99
tha,2016,99
tha,2017,99
tha,2018,97
tha,2019,97
tha,2020,97
tjk,1992,72
tjk,1993,64
tjk,1994,81
tjk,1995,80
tjk,1996,75
tjk,1997,81
tjk,1998,79
tjk,1999,82
tjk,2000,83
tjk,2001,85
tjk,2002,85
tjk,2003,85
tjk,2004,86
tjk,2005,84
tjk,2006,83
tjk,2007,86
tjk,2008,86
tjk,2009,93
tjk,2010,93
tjk,2011,96
tjk,2012,94
tjk,2013,96
tjk,2014,97
tjk,2015,96
tjk,2016,96
tjk,2017,96
tjk,2018,96
tjk,2019,97
tjk,2020,97
tkm,1992,84
tkm,1993,73
tkm,1994,90
tkm,1995,93
tkm,1996,97
tkm,1997,98
tkm,1998,99
tkm,1999,98
tkm,2000,97
tkm,2001,95
tkm,2002,98
tkm,2003,83
tkm,2004,97
tkm,2005,99
tkm,2006,98
tkm,2007,98
tkm,2008,96
tkm,2009,96
tkm,2010,96
tkm,2011,97
tkm,2012,97
tkm,2013,98
tkm,2014,98
tkm,2015,99
tkm,2016,98
tkm,2017,99
tkm,2018,99
tkm,2019,99
tkm,2020,98
tls,2002,54
tls,2003,55
tls,2004,57
tls,2005,55
tls,2006,63
tls,2007,70
tls,2008,79
tls,2009,72
tls,2010,72
tls,2011,67
tls,2012,83
tls,2013,82
tls,2014,77
tls,2015,76
tls,2016,79
tls,2017,83
tls,2018,83
tls,2019,90
tls,2020,86
ton,1980,40
ton,1981,37
ton,1982,52
ton,1983,63
ton,1984,51
ton,1985,92
ton,1986,75
ton,1987,99
ton,1988,92
ton,1989,93
ton,1990,94
ton,1991,88
ton,1992,99
ton,1993,96
ton,1994,89
ton,1995,95
ton,1996,99
ton,1997,96
ton,1998,97
ton,1999,94
ton,2000,95
ton,2001,94
ton,2002,90
ton,2003,98
ton,2004,99
ton,2005,99
ton,2006,99
ton,2007,99
ton,2008,99
ton,2009,99
ton,2010,99
ton,2011,99
ton,2012,95
ton,2013,99
ton,2014,98
ton,2015,96
ton,2016,96
ton,2017,99
ton,2018,99
ton,2019,99
ton,2020,99
tto,1980,26
tto,1981,62
tto,1982,54
tto,1983,60
tto,1984,65
tto,1985,75
tto,1986,70
tto,1987,79
tto,1988,82
tto,1989,77
tto,1990,82
tto,1991,82
tto,1992,87
tto,1993,81
tto,1994,85
tto,1995,89
tto,1996,89
tto,1997,90
tto,1998,91
tto,1999,90
tto,2000,90
tto,2001,91
tto,2002,96
tto,2003,91
tto,2004,94
tto,2005,95
tto,2006,92
tto,2007,88
tto,2008,90
tto,2009,90
tto,2010,90
tto,2011,90
tto,2012,92
tto,2013,92
tto,2014,92
tto,2015,96
tto,2016,97
tto,2017,89
tto,2018,99
tto,2019,93
tun,1983,62
tun,1984,66
tun,1985,70
tun,1986,72
tun,1987,84
tun,1988,91
tun,1989,93
tun,1990,93
tun,1991,93
tun,1992,95
tun,1993,94
tun,1994,93
tun,1995,94
tun,1996,95
tun,1997,96
tun,1998,96
tun,1999,99
tun,2000,97
tun,2001,98
tun,2002,96
tun,2003,95
tun,2004,97
tun,2005,98
tun,2006,99
tun,2007,98
tun,2008,99
tun,2009,99
tun,2010,98
tun,2011,98
tun,2012,95
tun,2013,95
tun,2014,94
tun,2015,93
tun,2016,93
tun,2017,92
tun,2018,90
tun,2019,92
tun,2020,92
tur,1980,42
tur,1981,64
tur,1982,58
tur,1983,56
tur,1984,56
tur,1985,55
tur,1986,45
tur,1987,86
tur,1988,86
tur,1989,79
tur,1990,84
tur,1991,72
tur,1992,77
tur,1993,76
tur,1994,87
tur,1995,67
tur,1996,72
tur,1997,79
tur,1998,81
tur,1999,79
tur,2000,85
tur,2001,88
tur,2002,78
tur,2003,68
tur,2004,85
tur,2005,90
tur,2006,90
tur,2007,96
tur,2008,96
tur,2009,96
tur,2010,97
tur,2011,97
tur,2012,97
tur,2013,98
tur,2014,96
tur,2015,97
tur,2016,98
tur,2017,96
tur,2018,98
tur,2019,99
tur,2020,98
tuv,1980,36
tuv,1981,49
tuv,1982,72
tuv,1983,79
tuv,1984,37
tuv,1985,52
tuv,1986,73
tuv,1987,59
tuv,1988,89
tuv,1989,85
tuv,1990,99
tuv,1991,74
tuv,1992,70
tuv,1993,80
tuv,1994,99
tuv,1995,87
tuv,1996,97
tuv,1997,77
tuv,1998,94
tuv,1999,83
tuv,2000,82
tuv,2001,96
tuv,2002,98
tuv,2003,93
tuv,2004,98
tuv,2005,93
tuv,2006,97
tuv,2007,97
tuv,2008,99
tuv,2009,88
tuv,2010,89
tuv,2011,96
tuv,2012,97
tuv,2013,90
tuv,2014,89
tuv,2015,96
tuv,2016,94
tuv,2017,96
tuv,2018,89
tuv,2019,92
tuv,2020,95
tza,1980,59
tza,1981,55
tza,1982,50
tza,1983,52
tza,1984,58
tza,1985,67
tza,1986,74
tza,1987,79
tza,1988,85
tza,1989,77
tza,1990,78
tza,1991,81
tza,1992,83
tza,1993,83
tza,1994,84
tza,1995,81
tza,1996,82
tza,1997,79
tza,1998,79
tza,1999,76
tza,2000,79
tza,2001,87
tza,2002,89
tza,2003,95
tza,2004,95
tza,2005,90
tza,2006,90
tza,2007,83
tza,2008,86
tza,2009,85
tza,2010,91
tza,2011,90
tza,2012,92
tza,2013,91
tza,2014,97
tza,2015,96
tza,2016,92
tza,2017,90
tza,2018,89
tza,2019,89
tza,2020,86
uga,1981,9
uga,1982,12
uga,1983,14
uga,1984,14
uga,1985,14
uga,1986,21
uga,1987,30
uga,1988,38
uga,1989,42
uga,1990,45
uga,1991,49
uga,1992,53
uga,1993,56
uga,1994,60
uga,1995,59
uga,1996,57
uga,1997,56
uga,1998,48
uga,1999,50
uga,2000,52
uga,2001,55
uga,2002,57
uga,2003,59
uga,2004,62
uga,2005,64
uga,2006,64
uga,2007,73
uga,2008,71
uga,2009,79
uga,2010,80
uga,2011,82
uga,2012,83
uga,2013,84
uga,2014,85
uga,2015,89
uga,2016,93
uga,2017,94
uga,2018,93
uga,2019,93
uga,2020,89
ukr,1992,88
ukr,1993,93
ukr,1994,97
ukr,1995,98
ukr,1996,99
ukr,1997,99
ukr,1998,98
ukr,1999,99
ukr,2000,99
ukr,2001,99
ukr,2002,99
ukr,2003,97
ukr,2004,99
ukr,2005,96
ukr,2006,98
ukr,2007,98
ukr,2008,90
ukr,2009,71
ukr,2010,52
ukr,2011,50
ukr,2012,76
ukr,2013,76
ukr,2014,23
ukr,2015,23
ukr,2016,19
ukr,2017,50
ukr,2018,69
ukr,2019,80
ukr,2020,81
ury,1980,53
ury,1981,57
ury,1982,67
ury,1983,73
ury,1984,62
ury,1985,63
ury,1986,70
ury,1987,85
ury,1988,82
ury,1989,88
ury,1990,97
ury,1991,96
ury,1992,93
ury,1993,92
ury,1994,91
ury,1995,91
ury,1996,91
ury,1997,91
ury,1998,91
ury,1999,93
ury,2000,90
ury,2001,94
ury,2002,95
ury,2003,91
ury,2004,94
ury,2005,96
ury,2006,95
ury,2007,94
ury,2008,94
ury,2009,95
ury,2010,95
ury,2011,95
ury,2012,95
ury,2013,94
ury,2014,95
ury,2015,95
ury,2016,95
ury,2017,93
ury,2018,91
ury,2019,94
ury,2020,92
usa,1980,96
usa,1981,96
usa,1982,96
usa,1983,97
usa,1984,97
usa,1985,96
usa,1986,97
usa,1987,97
usa,1988,97
usa,1989,94
usa,1990,90
usa,1991,86
usa,1992,83
usa,1993,88
usa,1994,94
usa,1995,95
usa,1996,95
usa,1997,96
usa,1998,96
usa,1999,96
usa,2000,94
usa,2001,94
usa,2002,94
usa,2003,96
usa,2004,96
usa,2005,96
usa,2006,96
usa,2007,96
usa,2008,96
usa,2009,95
usa,2010,95
usa,2011,96
usa,2012,94
usa,2013,94
usa,2014,95
usa,2015,95
usa,2016,95
usa,2017,94
usa,2018,94
usa,2019,94
usa,2020,93
uzb,1992,90
uzb,1993,45
uzb,1994,67
uzb,1995,87
uzb,1996,95
uzb,1997,96
uzb,1998,99
uzb,1999,99
uzb,2000,99
uzb,2001,99
uzb,2002,99
uzb,2003,98
uzb,2004,99
uzb,2005,99
uzb,2006,96
uzb,2007,96
uzb,2008,98
uzb,2009,98
uzb,2010,99
uzb,2011,99
uzb,2012,99
uzb,2013,99
uzb,2014,99
uzb,2015,99
uzb,2016,99
uzb,2017,99
uzb,2018,98
uzb,2019,96
uzb,2020,95
vct,1980,26
vct,1981,32
vct,1982,67
vct,1983,80
vct,1984,86
vct,1985,90
vct,1986,95
vct,1987,97
vct,1988,98
vct,1989,98
vct,1990,98
vct,1991,99
vct,1992,99
vct,1993,99
vct,1994,99
vct,1995,97
vct,1996,99
vct,1997,99
vct,1998,99
vct,1999,95
vct,2000,98
vct,2001,99
vct,2002,99
vct,2003,99
vct,2004,99
vct,2005,99
vct,2006,99
vct,2007,99
vct,2008,99
vct,2009,99
vct,2010,99
vct,2011,96
vct,2012,96
vct,2013,97
vct,2014,98
vct,2015,99
vct,2016,99
vct,2017,99
vct,2018,97
vct,2019,97
vct,2020,97
ven,1980,56
ven,1981,54
ven,1982,53
ven,1983,58
ven,1984,33
ven,1985,49
ven,1986,58
ven,1987,57
ven,1988,56
ven,1989,57
ven,1990,63
ven,1991,64
ven,1992,67
ven,1993,67
ven,1994,63
ven,1995,68
ven,1996,57
ven,1997,60
ven,1998,39
ven,1999,76
ven,2000,77
ven,2001,70
ven,2002,65
ven,2003,68
ven,2004,86
ven,2005,87
ven,2006,71
ven,2007,62
ven,2008,50
ven,2009,84
ven,2010,78
ven,2011,78
ven,2012,81
ven,2013,82
ven,2014,78
ven,2015,87
ven,2016,84
ven,2017,66
ven,2018,60
ven,2019,64
ven,2020,54
vnm,1983,4
vnm,1984,5
vnm,1985,42
vnm,1986,43
vnm,1987,50
vnm,1988,70
vnm,1989,88
vnm,1990,88
vnm,1991,88
vnm,1992,88
vnm,1993,91
vnm,1994,94
vnm,1995,93
vnm,1996,94
vnm,1997,95
vnm,1998,94
vnm,1999,93
vnm,2000,96
vnm,2001,96
vnm,2002,75
vnm,2003,99
vnm,2004,96
vnm,2005,95
vnm,2006,94
vnm,2007,92
vnm,2008,93
vnm,2009,96
vnm,2010,93
vnm,2011,95
vnm,2012,97
vnm,2013,59
vnm,2014,95
vnm,2015,97
vnm,2016,96
vnm,2017,94
vnm,2018,75
vnm,2019,89
vnm,2020,94
vut,1982,22
vut,1983,27
vut,1984,28
vut,1985,30
vut,1986,31
vut,1987,56
vut,1988,58
vut,1989,61
vut,1990,76
vut,1991,83
vut,1992,77
vut,1993,86
vut,1994,74
vut,1995,73
vut,1996,67
vut,1997,72
vut,1998,72
vut,1999,71
vut,2000,71
vut,2001,70
vut,2002,70
vut,2003,69
vut,2004,69
vut,2005,68
vut,2006,68
vut,2007,70
vut,2008,73
vut,2009,75
vut,2010,77
vut,2011,79
vut,2012,82
vut,2013,84
vut,2014,86
vut,2015,80
vut,2016,81
vut,2017,85
vut,2018,85
vut,2019,90
vut,2020,78
wsm,1980,29
wsm,1981,66
wsm,1982,87
wsm,1983,89
wsm,1984,96
wsm,1985,89
wsm,1986,94
wsm,1987,93
wsm,1988,90
wsm,1989,66
wsm,1990,90
wsm,1991,79
wsm,1992,91
wsm,1993,92
wsm,1994,93
wsm,1995,94
wsm,1996,95
wsm,1997,96
wsm,1998,99
wsm,1999,97
wsm,2000,98
wsm,2001,90
wsm,2002,92
wsm,2003,90
wsm,2004,63
wsm,2005,59
wsm,2006,50
wsm,2007,65
wsm,2008,39
wsm,2009,64
wsm,2010,78
wsm,2011,82
wsm,2012,82
wsm,2013,85
wsm,2014,81
wsm,2015,84
wsm,2016,80
wsm,2017,74
wsm,2018,34
wsm,2019,58
wsm,2020,79
yem,1980,1
yem,1981,3
yem,1982,4
yem,1983,5
yem,1984,7
yem,1985,12
yem,1986,13
yem,1987,18
yem,1988,36
yem,1989,56
yem,1990,84
yem,1991,47
yem,1992,50
yem,1993,54
yem,1994,33
yem,1995,44
yem,1996,47
yem,1997,40
yem,1998,68
yem,1999,71
yem,2000,74
yem,2001,73
yem,2002,65
yem,2003,61
yem,2004,72
yem,2005,79
yem,2006,78
yem,2007,79
yem,2008,78
yem,2009,76
yem,2010,76
yem,2011,69
yem,2012,67
yem,2013,73
yem,2014,73
yem,2015,69
yem,2016,71
yem,2017,68
yem,2018,65
yem,2019,73
yem,2020,72
zaf,1983,74
zaf,1984,75
zaf,1985,75
zaf,1986,70
zaf,1987,72
zaf,1988,70
zaf,1989,71
zaf,1990,72
zaf,1991,81
zaf,1992,79
zaf,1993,81
zaf,1994,73
zaf,1995,72
zaf,1996,73
zaf,1997,76
zaf,1998,75
zaf,1999,74
zaf,2000,73
zaf,2001,71
zaf,2002,70
zaf,2003,69
zaf,2004,74
zaf,2005,81
zaf,2006,84
zaf,2007,85
zaf,2008,82
zaf,2009,81
zaf,2010,77
zaf,2011,75
zaf,2012,71
zaf,2013,81
zaf,2014,85
zaf,2015,85
zaf,2016,85
zaf,2017,84
zaf,2018,82
zaf,2019,85
zaf,2020,84
zmb,1983,49
zmb,1984,59
zmb,1985,66
zmb,1986,66
zmb,1987,83
zmb,1988,83
zmb,1989,83
zmb,1990,91
zmb,1991,79
zmb,1992,83
zmb,1993,86
zmb,1994,90
zmb,1995,86
zmb,1996,84
zmb,1997,83
zmb,1998,84
zmb,1999,84
zmb,2000,85
zmb,2001,85
zmb,2002,84
zmb,2003,83
zmb,2004,83
zmb,2005,82
zmb,2006,81
zmb,2007,80
zmb,2008,87
zmb,2009,94
zmb,2010,83
zmb,2011,81
zmb,2012,78
zmb,2013,79
zmb,2014,86
zmb,2015,90
zmb,2016,95
zmb,2017,94
zmb,2018,90
zmb,2019,88
zmb,2020,84
zwe,1981,39
zwe,1982,46
zwe,1983,53
zwe,1984,60
zwe,1985,63
zwe,1986,75
zwe,1987,84
zwe,1988,85
zwe,1989,87
zwe,1990,88
zwe,1991,87
zwe,1992,86
zwe,1993,85
zwe,1994,87
zwe,1995,88
zwe,1996,90
zwe,1997,86
zwe,1998,84
zwe,1999,81
zwe,2000,78
zwe,2001,75
zwe,2002,71
zwe,2003,68
zwe,2004,65
zwe,2005,68
zwe,2006,70
zwe,2007,73
zwe,2008,75
zwe,2009,73
zwe,2010,89
zwe,2011,93
zwe,2012,95
zwe,2013,95
zwe,2014,91
zwe,2015,87
zwe,2016,90
zwe,2017,89
zwe,2018,89
zwe,2019,90
zwe,2020,86
