geo,time,tx_val_mrch_xd_wd
abw,1986,13.71985
abw,1987,15.08905
abw,1988,17.64467
abw,1989,13.23996
abw,1990,16.14634
abw,1991,14.85459
abw,1992,4.99463
abw,1993,7.13519
abw,1994,6.79542
abw,1995,53.38602
abw,1996,68.68121
abw,1997,68.34695
abw,1998,46.15791
abw,1999,55.05964
abw,2000,100
abw,2001,96.02175
abw,2002,58.95816
abw,2003,81.30881
abw,2004,136.105
abw,2005,175.00162
abw,2006,186.88316
abw,2007,206.30932
abw,2008,216.2139
abw,2009,77.34387
abw,2010,10.48681
abw,2011,205.27327
abw,2012,55.04193
abw,2013,11.05797
abw,2014,10.26102
abw,2015,13.0637
abw,2016,11.25499
abw,2017,5.33382
abw,2018,7.69077
abw,2019,5.1803
abw,2020,3.87193
afg,1980,362.28649
afg,1981,375.28108
afg,1982,382.4973
afg,1983,393.83784
afg,1984,342.10811
afg,1985,306.39459
afg,1986,298.32432
afg,1987,276.68108
afg,1988,213.32432
afg,1989,127.53514
afg,1990,127.08108
afg,1991,101.62162
afg,1992,70.81081
afg,1993,57.2973
afg,1994,90.81081
afg,1995,120.93626
afg,1996,93.4048
afg,1997,105.13939
afg,1998,115.95855
afg,1999,121.06808
afg,2000,100
afg,2001,49.52226
afg,2002,72.82685
afg,2003,104.87066
afg,2004,222.12188
afg,2005,279.65509
afg,2006,302.95968
afg,2007,330.63388
afg,2008,393.31304
afg,2009,293.81336
afg,2010,282.92065
afg,2011,273.72043
afg,2012,312.35653
afg,2013,375.03787
afg,2014,415.4291
afg,2015,416.13624
afg,2016,434.37937
afg,2017,526.5381
afg,2018,637.38056
afg,2019,629.10234
afg,2020,533.09252
ago,1980,24.00872
ago,1981,23.66533
ago,1982,20.56634
ago,1983,23.00678
ago,1984,25.66689
ago,1985,29.05043
ago,1986,16.99343
ago,1987,29.31555
ago,1988,31.46183
ago,1989,38.05214
ago,1990,49.03475
ago,1991,43.54786
ago,1992,48.3896
ago,1993,36.61919
ago,1994,38.08497
ago,1995,45.97904
ago,1996,64.32269
ago,1997,63.20869
ago,1998,44.72756
ago,1999,65.09948
ago,2000,100
ago,2001,82.48958
ago,2002,105.13824
ago,2003,120.03535
ago,2004,170.11741
ago,2005,304.36814
ago,2006,402.24972
ago,2007,560.48731
ago,2008,806.89307
ago,2009,515.43871
ago,2010,638.74385
ago,2011,849.77023
ago,2012,897.52935
ago,2013,861.58967
ago,2014,747.00038
ago,2015,418.90077
ago,2016,348.30072
ago,2017,436.9834
ago,2018,514.5533
ago,2019,438.3987
ago,2020,264.3282
alb,1995,77.26327
alb,1996,79.32997
alb,1997,53.15856
alb,1998,78.30274
alb,1999,134.10865
alb,2000,100
alb,2001,117.48126
alb,2002,129.85697
alb,2003,171.31329
alb,2004,231.52822
alb,2005,251.64449
alb,2006,305.18587
alb,2007,412.108
alb,2008,518.13905
alb,2009,417.08735
alb,2010,590.71937
alb,2011,746.1542
alb,2012,752.63462
alb,2013,891.68765
alb,2014,929.13328
alb,2015,733.00665
alb,2016,749.21286
alb,2017,876.72998
alb,2018,1097.54879
alb,2019,1038.61173
alb,2020,958.50552
and,1995,105.45808
and,1996,102.01624
and,1997,105.89322
and,1998,127.642
and,1999,94.15729
and,2000,100
and,2001,115.64603
and,2002,140.64346
and,2003,198.89232
and,2004,271.81148
and,2005,314.89205
and,2006,364.84322
and,2007,332.78037
and,2008,306.86583
and,2009,221.66335
and,2010,203.66406
and,2011,251.5445
and,2012,233.73457
and,2013,218.35449
and,2014,209.92657
and,2015,197.44942
and,2016,213.79882
and,2017,260.24289
and,2018,285.57442
and,2019,277.6894
and,2020,257.25755
are,1980,44.04146
are,1981,43.69061
are,1982,36.53715
are,1983,30.85729
are,1984,32.05822
are,1985,29.60022
are,1986,20.30755
are,1987,25.59245
are,1988,24.55993
are,1989,35.27808
are,1990,47.20318
are,1991,48.99154
are,1992,49.6331
are,1993,47.39565
are,1994,54.91399
are,1995,56.91539
are,1996,74.91422
are,1997,81.11265
are,1998,67.89804
are,1999,73.18872
are,2000,100
are,2001,97.14785
are,2002,104.67087
are,2003,134.71385
are,2004,182.59561
are,2005,235.34942
are,2006,292.13652
are,2007,358.44098
are,2008,480.00751
are,2009,385.26937
are,2010,429.41482
are,2011,606.07086
are,2012,721.83427
are,2013,750.90204
are,2014,688.33991
are,2015,602.93957
are,2016,592.0118
are,2017,629.16621
are,2018,778.38467
are,2019,781.31927
are,2020,640.66684
arg,1980,30.45215
arg,1981,34.71015
arg,1982,28.94689
arg,1983,29.74868
arg,1984,30.77863
arg,1985,31.87464
arg,1986,26.01344
arg,1987,24.14563
arg,1988,34.67902
arg,1989,36.3665
arg,1990,46.89458
arg,1991,45.47208
arg,1992,46.44812
arg,1993,49.79955
arg,1994,60.13135
arg,1995,79.58357
arg,1996,90.39413
arg,1997,100.34112
arg,1998,100.35192
arg,1999,88.48804
arg,2000,100
arg,2001,100.76687
arg,2002,97.37671
arg,2003,112.24327
arg,2004,131.26191
arg,2005,153.18705
arg,2006,176.70552
arg,2007,211.75658
arg,2008,265.81489
arg,2009,211.35151
arg,2010,258.86375
arg,2011,319.08849
arg,2012,303.64223
arg,2013,288.38351
arg,2014,259.69022
arg,2015,215.57268
arg,2016,219.84739
arg,2017,222.63392
arg,2018,234.54311
arg,2019,247.20398
arg,2020,208.35959
arm,1995,92.08022
arm,1996,98.67437
arm,1997,79.04487
arm,1998,74.94901
arm,1999,78.9259
arm,2000,100
arm,2001,116.58736
arm,2002,171.70632
arm,2003,233.03875
arm,2004,245.7172
arm,2005,331.03331
arm,2006,334.84024
arm,2007,391.67233
arm,2008,359.34738
arm,2009,241.40041
arm,2010,343.78994
arm,2011,453.53501
arm,2012,469.13664
arm,2013,503.02515
arm,2014,516.4174
arm,2015,504.87148
arm,2016,609.01553
arm,2017,763.21637
arm,2018,819.88443
arm,2019,897.45071
arm,2020,864.81985
asm,1980,36.7052
asm,1981,57.51445
asm,1982,54.04624
asm,1983,51.15607
asm,1984,61.27168
asm,1985,58.09249
asm,1986,73.4104
asm,1987,83.23699
asm,1988,106.35838
asm,1989,89.01734
asm,1990,89.88439
asm,1991,94.50867
asm,1992,91.90751
asm,1993,139.01734
asm,1994,71.6763
asm,1995,78.54461
asm,1996,90.38406
asm,1997,122.43719
asm,1998,119.78054
asm,1999,99.65348
asm,2000,100
asm,2001,91.74126
asm,2002,112.07046
asm,2003,132.68842
asm,2004,128.67456
asm,2005,107.94109
asm,2006,126.62431
asm,2007,95.46636
asm,2008,97.25671
asm,2009,139.61883
asm,2010,92.40543
asm,2011,86.63009
asm,2012,121.76148
asm,2013,112.16922
asm,2014,100.03869
asm,2015,109.44268
asm,2016,112.04158
asm,2017,114.58014
asm,2018,148.13745
asm,2019,126.19116
asm,2020,141.78458
atg,1980,61.11116
atg,1981,92.59256
atg,1982,49.42302
atg,1983,45.9
atg,1984,40.90442
atg,1985,38.79419
atg,1986,45.54698
atg,1987,45.22814
atg,1988,39.54349
atg,1989,37.05419
atg,1990,48.05349
atg,1991,115.11628
atg,1992,150.45651
atg,1993,144.37558
atg,1994,103.36767
atg,1995,101.92308
atg,1996,73.07692
atg,1997,73.07692
atg,1998,69.23077
atg,1999,73.07692
atg,2000,100
atg,2001,78.84615
atg,2002,75
atg,2003,86.54615
atg,2004,109.61538
atg,2005,159.61538
atg,2006,142.30769
atg,2007,114.13846
atg,2008,125.87885
atg,2009,97.71154
atg,2010,87.91346
atg,2011,107.98269
atg,2012,121.075
atg,2013,132.62526
atg,2014,189.78758
atg,2015,127.47885
atg,2016,117.22308
atg,2017,40.10769
atg,2018,49.69423
atg,2019,72.46346
atg,2020,41.86538
aus,1995,83.15479
aus,1996,94.41071
aus,1997,98.49602
aus,1998,87.50986
aus,1999,87.80202
aus,2000,100
aus,2001,99.24315
aus,2002,101.82025
aus,2003,110.18719
aus,2004,135.5315
aus,2005,166.1132
aus,2006,193.2623
aus,2007,221.32062
aus,2008,293.18225
aus,2009,241.63158
aus,2010,332.91512
aus,2011,425.44434
aus,2012,401.86847
aus,2013,396.08488
aus,2014,375.7215
aus,2015,293.85055
aus,2016,301.39862
aus,2017,361.87472
aus,2018,402.53
aus,2019,424.30452
aus,2020,392.32265
aut,1995,85.48524
aut,1996,86.07489
aut,1997,88.52066
aut,1998,94.78249
aut,1999,97.89702
aut,2000,100
aut,2001,104.74928
aut,2002,116.47788
aut,2003,143.82798
aut,2004,175.25883
aut,2005,185.3362
aut,2006,202.46475
aut,2007,242.24531
aut,2008,268.40421
aut,2009,202.81594
aut,2010,225.8694
aut,2011,262.68728
aut,2012,246.67306
aut,2013,259.31041
aut,2014,263.8653
aut,2015,226.11923
aut,2016,225.17395
aut,2017,248.76845
aut,2018,273.62456
aut,2019,264.52645
aut,2020,249.52544
aze,1995,36.38968
aze,1996,36.10315
aze,1997,44.69914
aze,1998,34.67049
aze,1999,53.23782
aze,2000,100
aze,2001,132.60745
aze,2002,124.2063
aze,2003,148.52252
aze,2004,207.18625
aze,2005,438.33593
aze,2006,745.82424
aze,2007,1218.87203
aze,2008,1752.79903
aze,2009,1208.99714
aze,2010,1517.25077
aze,2011,1976.7851
aze,2012,1870.14544
aze,2013,1821.26911
aze,2014,1619.46464
aze,2015,950.84814
aze,2016,751.14613
aze,2017,887.13467
aze,2018,1164.28653
aze,2019,1125.24928
aze,2020,771.94269
bdi,1980,130.71845
bdi,1981,149.75421
bdi,1982,175.45374
bdi,1983,159.85383
bdi,1984,205.41474
bdi,1985,224.37214
bdi,1986,307.14456
bdi,1987,179.41095
bdi,1988,265.4115
bdi,1989,155.77048
bdi,1990,149.58729
bdi,1991,181.47221
bdi,1992,145.8146
bdi,1993,123.76001
bdi,1994,241.55234
bdi,1995,211.19612
bdi,1996,79.7256
bdi,1997,173.01585
bdi,1998,129.0756
bdi,1999,108.62009
bdi,2000,100
bdi,2001,77.00504
bdi,2002,59.97277
bdi,2003,75.3218
bdi,2004,93.77143
bdi,2005,115.95935
bdi,2006,116.5151
bdi,2007,117.6186
bdi,2008,114.82787
bdi,2009,134.72284
bdi,2010,202.29416
bdi,2011,246.87992
bdi,2012,266.88483
bdi,2013,188.34206
bdi,2014,263.8802
bdi,2015,241.12837
bdi,2016,248.931
bdi,2017,343.57402
bdi,2018,360.33241
bdi,2019,359.6967
bdi,2020,323.95293
bel,1995,94.87769
bel,1996,94.24329
bel,1997,92.88576
bel,1998,96.71384
bel,1999,95.43053
bel,2000,100
bel,2001,101.2999
bel,2002,115.01886
bel,2003,136.03434
bel,2004,163.30841
bel,2005,177.96131
bel,2006,195.17441
bel,2007,229.34431
bel,2008,251.10429
bel,2009,196.97338
bel,2010,216.96601
bel,2011,253.14334
bel,2012,237.32024
bel,2013,249.39461
bel,2014,251.29128
bel,2015,211.19139
bel,2016,211.87907
bel,2017,228.64863
bel,2018,249.40676
bel,2019,237.85478
bel,2020,223.4584
ben,1980,16.00891
ben,1981,8.57307
ben,1982,6.07795
ben,1983,16.95422
ben,1984,42.47239
ben,1985,38.20393
ben,1986,26.50227
ben,1987,29.06019
ben,1988,17.96832
ben,1989,55.55711
ben,1990,73.39655
ben,1991,84.10022
ben,1992,85.49806
ben,1993,97.74102
ben,1994,101.39708
ben,1995,107.14286
ben,1996,134.69388
ben,1997,108.16327
ben,1998,103.82653
ben,1999,107.65306
ben,2000,100
ben,2001,95.40816
ben,2002,114.28571
ben,2003,138.0102
ben,2004,145.04286
ben,2005,147.50867
ben,2006,187.7551
ben,2007,267.05587
ben,2008,327.10587
ben,2009,312.43087
ben,2010,326.94133
ben,2011,359.73115
ben,2012,368.01709
ben,2013,505.58267
ben,2014,653.04745
ben,2015,429.05101
ben,2016,452.62849
ben,2017,565.28342
ben,2018,853.15179
ben,2019,778.44872
ben,2020,590.89796
bfa,1980,43.08392
bfa,1981,35.60531
bfa,1982,26.8922
bfa,1983,27.6933
bfa,1984,37.70129
bfa,1985,33.7399
bfa,1986,39.51062
bfa,1987,74.28469
bfa,1988,67.83923
bfa,1989,45.27421
bfa,1990,72.54737
bfa,1991,50.69856
bfa,1992,30.41904
bfa,1993,33.22349
bfa,1994,51.03589
bfa,1995,132.28278
bfa,1996,111.34402
bfa,1997,111.22775
bfa,1998,152.70287
bfa,1999,122.00957
bfa,2000,100
bfa,2001,106.69856
bfa,2002,118.05837
bfa,2003,153.37033
bfa,2004,229.32392
bfa,2005,223.92344
bfa,2006,281.33971
bfa,2007,298.08612
bfa,2008,331.65502
bfa,2009,430.85789
bfa,2010,761.25783
bfa,2011,1147.84019
bfa,2012,1044.11714
bfa,2013,1127.07608
bfa,2014,1173.52879
bfa,2015,1041.31624
bfa,2016,1200.41772
bfa,2017,1375.54498
bfa,2018,1556.77225
bfa,2019,1549.55072
bfa,2020,2092.06555
bgd,1980,11.85324
bgd,1981,12.35524
bgd,1982,12.024
bgd,1983,11.32173
bgd,1984,14.55554
bgd,1985,15.60791
bgd,1986,13.75058
bgd,1987,16.67544
bgd,1988,20.17418
bgd,1989,20.39124
bgd,1990,26.11807
bgd,1991,26.39155
bgd,1992,32.783
bgd,1993,35.59743
bgd,1994,41.57945
bgd,1995,54.79731
bgd,1996,66.50493
bgd,1997,75.62999
bgd,1998,80.15339
bgd,1999,86.0385
bgd,2000,100
bgd,2001,95.16356
bgd,2002,96.24354
bgd,2003,109.40679
bgd,2004,129.98904
bgd,2005,145.51573
bgd,2006,184.7275
bgd,2007,194.91626
bgd,2008,240.56347
bgd,2009,236.07482
bgd,2010,300.42886
bgd,2011,382.51996
bgd,2012,393.28643
bgd,2013,455.68164
bgd,2014,475.89905
bgd,2015,506.78823
bgd,2016,546.16262
bgd,2017,561.13429
bgd,2018,614.36876
bgd,2019,615.70449
bgd,2020,525.9881
bgr,1995,110.37291
bgr,1996,100.78871
bgr,1997,101.81927
bgr,1998,88.62811
bgr,1999,82.0208
bgr,2000,100
bgr,2001,105.48115
bgr,2002,118.16458
bgr,2003,155.47206
bgr,2004,204.71819
bgr,2005,241.95473
bgr,2006,310.49105
bgr,2007,381.68383
bgr,2008,460.91053
bgr,2009,336.34146
bgr,2010,425.20394
bgr,2011,581.40801
bgr,2012,550.02888
bgr,2013,609.68128
bgr,2014,602.78237
bgr,2015,522.92582
bgr,2016,547.68681
bgr,2017,647.96674
bgr,2018,692.89643
bgr,2019,687.17881
bgr,2020,657.64449
bhr,1980,58.21451
bhr,1981,70.17555
bhr,1982,61.16853
bhr,1983,50.35408
bhr,1984,51.71938
bhr,1985,46.76083
bhr,1986,35.50424
bhr,1987,39.21775
bhr,1988,38.9259
bhr,1989,45.70045
bhr,1990,60.70493
bhr,1991,56.66938
bhr,1992,55.92232
bhr,1993,60.10379
bhr,1994,58.38239
bhr,1995,66.39486
bhr,1996,75.87922
bhr,1997,70.76558
bhr,1998,52.79292
bhr,1999,70.43076
bhr,2000,100
bhr,2001,90.03279
bhr,2002,93.53595
bhr,2003,107.05861
bhr,2004,122.01269
bhr,2005,165.34269
bhr,2006,196.95177
bhr,2007,220.10167
bhr,2008,279.54236
bhr,2009,191.68331
bhr,2010,241.6897
bhr,2011,317.22526
bhr,2012,319.12781
bhr,2013,354.02887
bhr,2014,324.97042
bhr,2015,267.02181
bhr,2016,206.39577
bhr,2017,248.2238
bhr,2018,291.28871
bhr,2019,292.51665
bhr,2020,227.07072
bhs,1980,869.84546
bhs,1981,1074.70221
bhs,1982,787.35371
bhs,1983,689.41136
bhs,1984,589.10575
bhs,1985,473.76628
bhs,1986,469.10922
bhs,1987,472.60115
bhs,1988,373.80969
bhs,1989,431.91179
bhs,1990,41.33009
bhs,1991,39.08317
bhs,1992,33.3999
bhs,1993,28.18371
bhs,1994,29.0033
bhs,1995,30.54697
bhs,1996,31.2589
bhs,1997,31.49679
bhs,1998,52.14447
bhs,1999,80.27435
bhs,2000,100
bhs,2001,73.45025
bhs,2002,77.444
bhs,2003,73.79753
bhs,2004,82.82688
bhs,2005,95.32905
bhs,2006,120.54176
bhs,2007,139.24292
bhs,2008,165.96631
bhs,2009,123.40684
bhs,2010,121.96562
bhs,2011,144.72999
bhs,2012,170.863
bhs,2013,165.81004
bhs,2014,144.79944
bhs,2015,90.38027
bhs,2016,83.5909
bhs,2017,99.0797
bhs,2018,111.42559
bhs,2019,116.20073
bhs,2020,61.48637
bih,1995,14.2189
bih,1996,31.43124
bih,1997,53.78859
bih,1998,56.59495
bih,1999,70.25257
bih,2000,100
bih,2001,96.53882
bih,2002,94.03985
bih,2003,125.3508
bih,2004,167.69635
bih,2005,224.50889
bih,2006,310.85126
bih,2007,388.3971
bih,2008,469.69906
bih,2009,369.87091
bih,2010,449.30861
bih,2011,547.2478
bih,2012,482.86333
bih,2013,532.08606
bih,2014,551.18614
bih,2015,476.88068
bih,2016,498.41962
bih,2017,598.85595
bih,2018,671.86725
bih,2019,615.34472
bih,2020,575.45132
blr,1995,65.56017
blr,1996,77.13884
blr,1997,99.65604
blr,1998,96.49623
blr,1999,80.65216
blr,2000,100
blr,2001,101.7007
blr,2002,109.47942
blr,2003,135.75016
blr,2004,188.00093
blr,2005,218.10166
blr,2006,269.35466
blr,2007,331.34009
blr,2008,444.56759
blr,2009,290.78674
blr,2010,345.10128
blr,2011,565.33495
blr,2012,628.68394
blr,2013,508.19366
blr,2014,493.10029
blr,2015,363.89496
blr,2016,321.26693
blr,2017,399.11826
blr,2018,462.80574
blr,2019,449.87989
blr,2020,396.28876
blz,1980,50.64492
blz,1981,54.47143
blz,1982,41.65858
blz,1983,35.57782
blz,1984,53.45713
blz,1985,52.81862
blz,1986,50.69527
blz,1987,47.06741
blz,1988,53.20996
blz,1989,57.01038
blz,1990,60.8584
blz,1991,55.71321
blz,1992,64.3137
blz,1993,62.47368
blz,1994,69.11057
blz,1995,82.5779
blz,1996,85.61301
blz,1997,90.13159
blz,1998,87.91674
blz,1999,101.21073
blz,2000,100
blz,2001,86.1386
blz,2002,140.32923
blz,2003,154.65444
blz,2004,155.77132
blz,2005,162.98532
blz,2006,214.1764
blz,2007,212.65016
blz,2008,239.61479
blz,2009,194.58446
blz,2010,244.24424
blz,2011,308.33821
blz,2012,320.36631
blz,2013,310.94205
blz,2014,300.76934
blz,2015,274.73716
blz,2016,226.15895
blz,2017,233.50248
blz,2018,230.47425
blz,2019,236.04549
blz,2020,146.74386
bmu,1980,72.54902
bmu,1981,57.62745
bmu,1982,33.86275
bmu,1983,44.62745
bmu,1984,79.4902
bmu,1985,45.21569
bmu,1986,127.45098
bmu,1987,56.86275
bmu,1988,60.39216
bmu,1989,98.82353
bmu,1990,117.64706
bmu,1991,95.57843
bmu,1992,164.63137
bmu,1993,69.16078
bmu,1994,63.40392
bmu,1995,109.68431
bmu,1996,133.33333
bmu,1997,111.76471
bmu,1998,88.23529
bmu,1999,100
bmu,2000,100
bmu,2001,70.58824
bmu,2002,109.80392
bmu,2003,101.96078
bmu,2004,143.13725
bmu,2005,96.07843
bmu,2006,52.94118
bmu,2007,53.00784
bmu,2008,47.05882
bmu,2009,56.21569
bmu,2010,28.78431
bmu,2011,26.45098
bmu,2012,21.56863
bmu,2013,23.52941
bmu,2014,43.13725
bmu,2015,43.13725
bmu,2016,37.2549
bmu,2017,35.29412
bmu,2018,35.29412
bmu,2019,37.2549
bmu,2020,21.56863
bol,1980,76.63278
bol,1981,74.20903
bol,1982,67.32005
bol,1983,61.42334
bol,1984,58.92639
bol,1985,50.70354
bol,1986,51.87475
bol,1987,46.31964
bol,1988,48.81659
bol,1989,66.83855
bol,1990,75.32168
bol,1991,69.01789
bol,1992,57.75519
bol,1993,59.17039
bol,1994,83.96909
bol,1995,89.5242
bol,1996,92.48475
bol,1997,94.87597
bol,1998,89.78121
bol,1999,85.49817
bol,2000,100
bol,2001,104.49532
bol,2002,105.63083
bol,2003,129.92102
bol,2004,176.15592
bol,2005,229.90785
bol,2006,321.39447
bol,2007,366.34071
bol,2008,530.71444
bol,2009,403.44514
bol,2010,520.69077
bol,2011,679.80651
bol,2012,915.32802
bol,2013,948.08255
bol,2014,1000.3795
bol,2015,709.71291
bol,2016,576.00104
bol,2017,638.15071
bol,2018,729.14648
bol,2019,712.21839
bol,2020,570.57289
bra,1980,36.54676
bra,1981,42.2851
bra,1982,36.62482
bra,1983,39.75449
bra,1984,49.0237
bra,1985,46.54392
bra,1986,40.5714
bra,1987,47.60591
bra,1988,60.80355
bra,1989,62.41668
bra,1990,57.02724
bra,1991,57.4023
bra,1992,64.97705
bra,1993,69.99071
bra,1994,79.04988
bra,1995,84.37451
bra,1996,86.62491
bra,1997,96.14542
bra,1998,92.78106
bra,1999,87.10769
bra,2000,100
bra,2001,105.74703
bra,2002,109.6515
bra,2003,132.80962
bra,2004,175.39864
bra,2005,215.04239
bra,2006,250.01769
bra,2007,291.45901
bra,2008,359.1182
bra,2009,277.57218
bra,2010,366.32625
bra,2011,464.52288
bra,2012,440.09931
bra,2013,439.11176
bra,2014,408.39113
bra,2015,346.76731
bra,2016,336.05917
bra,2017,395.03549
bra,2018,434.08702
bra,2019,408.90417
bra,2020,380.7739
brb,1980,83.60272
brb,1981,71.78998
brb,1982,95.00716
brb,1983,118.59996
brb,1984,144.55113
brb,1985,130.97925
brb,1986,102.20084
brb,1987,59.20029
brb,1988,65.02552
brb,1989,68.97228
brb,1990,78.97154
brb,1991,76.14173
brb,1992,69.81348
brb,1993,68.66422
brb,1994,66.6488
brb,1995,87.71103
brb,1996,103.0369
brb,1997,103.88985
brb,1998,92.3635
brb,1999,96.86066
brb,2000,100
brb,2001,95.09822
brb,2002,88.67266
brb,2003,91.70185
brb,2004,102.16633
brb,2005,131.98091
brb,2006,187.16101
brb,2007,192.3345
brb,2008,179.10593
brb,2009,138.98366
brb,2010,157.51166
brb,2011,174.45934
brb,2012,207.46907
brb,2013,169.91114
brb,2014,174.1902
brb,2015,177.31632
brb,2016,189.76795
brb,2017,178.22324
brb,2018,164.47035
brb,2019,163.06885
brb,2020,126.75087
brn,1980,108.74428
brn,1981,95.81296
brn,1982,90.05459
brn,1983,79.95965
brn,1984,75.55186
brn,1985,69.65107
brn,1986,42.67704
brn,1987,45.14552
brn,1988,40.5326
brn,1989,44.69739
brn,1990,52.52789
brn,1991,63.6601
brn,1992,56.99027
brn,1993,51.43603
brn,1994,52.45668
brn,1995,61.54556
brn,1996,63.56974
brn,1997,63.21103
brn,1998,52.73137
brn,1999,66.08076
brn,2000,100
brn,2001,93.26637
brn,2002,94.85498
brn,2003,113.27765
brn,2004,129.57364
brn,2005,160.11581
brn,2006,195.65704
brn,2007,196.47361
brn,2008,264.4022
brn,2009,184.48865
brn,2010,228.23286
brn,2011,319.38449
brn,2012,333.1154
brn,2013,293.30704
brn,2014,269.26394
brn,2015,162.77191
brn,2016,124.91224
brn,2017,142.73278
brn,2018,168.43387
brn,2019,180.35982
brn,2020,169.30768
btn,1980,16.28691
btn,1981,19.30414
btn,1982,16.41115
btn,1983,15.4932
btn,1984,17.68185
btn,1985,21.4113
btn,1986,29.90994
btn,1987,53.70948
btn,1988,72.89863
btn,1989,67.9459
btn,1990,67.93967
btn,1991,61.52901
btn,1992,64.43349
btn,1993,63.5945
btn,1994,64.63386
btn,1995,100.30291
btn,1996,97.37476
btn,1997,114.27476
btn,1998,104.84466
btn,1999,112.4767
btn,2000,100
btn,2001,102.91262
btn,2002,109.42136
btn,2003,129.01165
btn,2004,177.6699
btn,2005,250.67961
btn,2006,402.25922
btn,2007,654.87767
btn,2008,506.22816
btn,2009,481.40388
btn,2010,622.63107
btn,2011,654.99417
btn,2012,519.62136
btn,2013,527.754
btn,2014,566.09551
btn,2015,533.15922
btn,2016,509.42621
btn,2017,556.04757
btn,2018,587.90874
btn,2019,654.69515
btn,2020,632.25049
bwa,1980,18.5913
bwa,1981,14.6648
bwa,1982,17.50262
bwa,1983,23.72411
bwa,1984,27.68091
bwa,1985,30.91979
bwa,1986,38.42683
bwa,1987,69.87394
bwa,1988,66.28382
bwa,1989,68.33653
bwa,1990,65.78253
bwa,1991,67.9425
bwa,1992,64.36786
bwa,1993,64.76852
bwa,1994,68.11132
bwa,1995,80.07813
bwa,1996,94.82243
bwa,1997,106.22467
bwa,1998,76.93458
bwa,1999,98.84112
bwa,2000,100
bwa,2001,93.83178
bwa,2002,90.65421
bwa,2003,105.04673
bwa,2004,131.33054
bwa,2005,165.4335
bwa,2006,169.30942
bwa,2007,193.43701
bwa,2008,185.07951
bwa,2009,129.1855
bwa,2010,175.44815
bwa,2011,219.88478
bwa,2012,223.22411
bwa,2013,295.73777
bwa,2014,318.14338
bwa,2015,236.09774
bwa,2016,275.36549
bwa,2017,219.42191
bwa,2018,245.72007
bwa,2019,195.7606
bwa,2020,159.33024
caf,1980,71.988
caf,1981,48.95152
caf,1982,66.79755
caf,1983,46.32033
caf,1984,52.81035
caf,1985,57.09034
caf,1986,41.28408
caf,1987,81.12496
caf,1988,80.89658
caf,1989,83.61782
caf,1990,74.89841
caf,1991,78.40746
caf,1992,66.59842
caf,1993,68.29974
caf,1994,94.03605
caf,1995,106.14348
caf,1996,91.18509
caf,1997,100.9354
caf,1998,94.02733
caf,1999,90.92919
caf,2000,100
caf,2001,88.19876
caf,2002,91.30435
caf,2003,79.50311
caf,2004,83.1236
caf,2005,79.50311
caf,2006,97.8795
caf,2007,110.41677
caf,2008,93.1677
caf,2009,74.53416
caf,2010,86.95652
caf,2011,118.01242
caf,2012,126.16335
caf,2013,72.03851
caf,2014,61.18028
caf,2015,53.24319
caf,2016,71.3281
caf,2017,87.17702
caf,2018,102.09441
caf,2019,91.59193
caf,2020,77.63975
can,1995,69.48344
can,1996,72.89538
can,1997,77.51295
can,1998,77.47427
can,1999,86.20331
can,2000,100
can,2001,93.94144
can,2002,91.24313
can,2003,98.59806
can,2004,114.51285
can,2005,130.31565
can,2006,140.33045
can,2007,152.08512
can,2008,165.01911
can,2009,114.27123
can,2010,140.0786
can,2011,163.16229
can,2012,164.70131
can,2013,165.68677
can,2014,172.1876
can,2015,148.24191
can,2016,140.98599
can,2017,152.07504
can,2018,162.94828
can,2019,161.44525
can,2020,141.20583
che,1995,101.41753
che,1996,99.0646
che,1997,94.5962
che,1998,97.95732
che,1999,99.75121
che,2000,100
che,2001,102.04224
che,2002,113.9118
che,2003,130.21366
che,2004,152.60124
che,2005,162.64551
che,2006,183.6724
che,2007,213.76164
che,2008,249.38979
che,2009,214.2536
che,2010,242.99289
che,2011,291.70095
che,2012,388.15416
che,2013,444.53638
che,2014,386.58821
che,2015,359.90088
che,2016,376.27305
che,2017,372.17709
che,2018,386.02334
che,2019,389.9801
chl,1980,24.49363
chl,1981,19.97106
chl,1982,19.29017
chl,1983,19.93982
chl,1984,19.00335
chl,1985,19.8024
chl,1986,21.81746
chl,1987,27.19218
chl,1988,36.70843
chl,1989,42.05244
chl,1990,43.58443
chl,1991,46.54534
chl,1992,52.09393
chl,1993,47.88421
chl,1994,60.40562
chl,1995,83.41463
chl,1996,86.55149
chl,1997,93.02405
chl,1998,84.969
chl,1999,89.33853
chl,2000,100
chl,2001,95.11564
chl,2002,94.63673
chl,2003,112.77284
chl,2004,169.28575
chl,2005,214.81653
chl,2006,305.46165
chl,2007,353.82908
chl,2008,335.81018
chl,2009,288.7132
chl,2010,370.15835
chl,2011,423.92802
chl,2012,404.94239
chl,2013,399.62904
chl,2014,390.75235
chl,2015,322.92619
chl,2016,316.07175
chl,2017,358.26195
chl,2018,388.89747
chl,2019,357.94633
chl,2020,382.52988
chn,1980,7.26287
chn,1981,8.83095
chn,1982,8.95695
chn,1983,8.91883
chn,1984,10.48904
chn,1985,10.97499
chn,1986,12.41638
chn,1987,15.82525
chn,1988,19.06719
chn,1989,21.08241
chn,1990,24.91583
chn,1991,28.85599
chn,1992,34.08466
chn,1993,36.81497
chn,1994,48.5572
chn,1995,59.70233
chn,1996,60.61243
chn,1997,73.35064
chn,1998,73.71982
chn,1999,78.22177
chn,2000,100
chn,2001,106.77961
chn,2002,130.65493
chn,2003,175.85182
chn,2004,238.08943
chn,2005,305.75595
chn,2006,388.83079
chn,2007,489.7437
chn,2008,574.10745
chn,2009,482.182
chn,2010,633.11999
chn,2011,761.78096
chn,2012,822.10648
chn,2013,886.42793
chn,2014,939.91364
chn,2015,912.2956
chn,2016,841.73626
chn,2017,908.23385
chn,2018,997.85918
chn,2019,1002.9803
chn,2020,1039.40205
civ,1980,80.63116
civ,1981,65.1576
civ,1982,59.10675
civ,1983,53.76808
civ,1984,69.62153
civ,1985,76.37376
civ,1986,86.27487
civ,1987,79.98251
civ,1988,71.24188
civ,1989,72.20715
civ,1990,79.01442
civ,1991,69.08527
civ,1992,73.95018
civ,1993,64.78029
civ,1994,70.5297
civ,1995,96.06379
civ,1996,110.06507
civ,1997,106.74177
civ,1998,113.02984
civ,1999,110.55478
civ,2000,100
civ,2001,101.49177
civ,2002,135.67387
civ,2003,148.86831
civ,2004,177.95782
civ,2005,197.97683
civ,2006,218.02984
civ,2007,222.96458
civ,2008,267.23251
civ,2009,291.32953
civ,2010,293.47172
civ,2011,324.97827
civ,2012,311.81973
civ,2013,309.9133
civ,2014,333.09738
civ,2015,301.71021
civ,2016,279.72145
civ,2017,304.86258
civ,2018,306.37347
civ,2019,324.8081
civ,2020,306.63418
cmr,1980,90.23102
cmr,1981,72.02485
cmr,1982,69.26351
cmr,1983,63.59202
cmr,1984,57.75384
cmr,1985,47.07289
cmr,1986,50.98029
cmr,1987,54.01143
cmr,1988,60.42424
cmr,1989,82.96133
cmr,1990,130.51355
cmr,1991,119.5549
cmr,1992,119.96884
cmr,1993,122.75821
cmr,1994,96.88796
cmr,1995,88.94217
cmr,1996,87.62193
cmr,1997,91.97218
cmr,1998,91.16094
cmr,1999,87.33988
cmr,2000,100
cmr,2001,95.41735
cmr,2002,98.30878
cmr,2003,124.52591
cmr,2004,135.12068
cmr,2005,156.09629
cmr,2006,195.11293
cmr,2007,230.7755
cmr,2008,285.9239
cmr,2009,193.79056
cmr,2010,211.58936
cmr,2011,246.42815
cmr,2012,233.17049
cmr,2013,246.3275
cmr,2014,280.66681
cmr,2015,221.39612
cmr,2016,180.28569
cmr,2017,176.37971
cmr,2018,207.47164
cmr,2019,222.79292
cmr,2020,184.64524
cod,1980,298.55263
cod,1981,220.78947
cod,1982,210.65789
cod,1983,221.84211
cod,1984,253.68421
cod,1985,243.81579
cod,1986,242.63158
cod,1987,238.55263
cod,1988,323.68421
cod,1989,318.02632
cod,1990,306.05263
cod,1991,216.97368
cod,1992,163.94737
cod,1993,150.52632
cod,1994,165.26316
cod,1995,193.77635
cod,1996,191.79271
cod,1997,179.64295
cod,1998,176.29556
cod,1999,100.29755
cod,2000,100
cod,2001,109.14952
cod,2002,140.35457
cod,2003,170.80337
cod,2004,237.68907
cod,2005,297.89239
cod,2006,335.3211
cod,2007,384.32928
cod,2008,545.49963
cod,2009,433.92016
cod,2010,657.0791
cod,2011,818.24944
cod,2012,781.05629
cod,2013,781.05629
cod,2014,981.25183
cod,2015,719.06769
cod,2016,669.47682
cod,2017,1524.38736
cod,2018,2480.07497
cod,2019,1659.09982
cod,2020,1750.82404
cog,1980,36.58475
cog,1981,32.59006
cog,1982,39.87377
cog,1983,25.70533
cog,1984,47.51218
cog,1985,43.68474
cog,1986,31.2058
cog,1987,39.08703
cog,1988,37.65934
cog,1989,50.08497
cog,1990,39.41257
cog,1991,41.36988
cog,1992,47.3551
cog,1993,42.93589
cog,1994,38.52454
cog,1995,47.11129
cog,1996,54.04259
cog,1997,67.02451
cog,1998,54.95139
cog,1999,62.67658
cog,2000,100
cog,2001,82.56328
cog,2002,91.60305
cog,2003,107.55323
cog,2004,137.92688
cog,2005,190.63881
cog,2006,244.17714
cog,2007,252.84074
cog,2008,368.41069
cog,2009,329.51105
cog,2010,277.92628
cog,2011,555.38959
cog,2012,298.83218
cog,2013,419.97195
cog,2014,348.4681
cog,2015,346.44236
cog,2016,317.42035
cog,2017,331.53813
cog,2018,448.17312
cog,2019,224.02338
cog,2020,134.19044
col,1980,30.08671
col,1981,22.35861
col,1982,23.18125
col,1983,23.00491
col,1984,26.5393
col,1985,27.22931
col,1986,39.1128
col,1987,35.59069
col,1988,38.61753
col,1989,43.8271
col,1990,51.87184
col,1991,55.44686
col,1992,53.02722
col,1993,54.55598
col,1994,64.54272
col,1995,77.63219
col,1996,81.16811
col,1997,88.33961
col,1998,83.49191
col,1999,88.74595
col,2000,100
col,2001,94.22462
col,2002,91.31891
col,2003,100.27984
col,2004,124.38187
col,2005,162.45889
col,2006,186.99892
col,2007,229.93729
col,2008,288.46918
col,2009,251.87634
col,2010,304.47307
col,2011,436.35383
col,2012,460.96591
col,2013,450.9825
col,2014,420.5742
col,2015,273.63295
col,2016,243.47218
col,2017,282.8771
col,2018,320.27133
col,2019,302.75442
col,2020,237.72795
com,1980,163.11526
com,1981,239.38324
com,1982,285.4805
com,1983,283.82297
com,1984,102.72467
com,1985,238.49981
com,1986,296.90531
com,1987,169.04707
com,1988,313.1992
com,1989,265.46192
com,1990,261.45587
com,1991,363.18004
com,1992,322.02912
com,1993,318.63098
com,1994,164.12552
com,1995,80.87046
com,1996,45.14042
com,1997,41.37627
com,1998,43.73308
com,1999,66.56516
com,2000,100
com,2001,124.98162
com,2002,139.68534
com,2003,196.29466
com,2004,136.9725
com,2005,88.40612
com,2006,72.98191
com,2007,101.55124
com,2008,47.94148
com,2009,109.96177
com,2010,151.50701
com,2011,189.62653
com,2012,143.41273
com,2013,150.85934
com,2014,190.39325
com,2015,124.61735
com,2016,225.2887
com,2017,285.67858
com,2018,303.46273
com,2019,288.5311
com,2020,151.89678
cpv,1980,39.72619
cpv,1981,28.77311
cpv,1982,30.43123
cpv,1983,33.36931
cpv,1984,22.46648
cpv,1985,60.89972
cpv,1986,45.25156
cpv,1987,73.62251
cpv,1988,30.94348
cpv,1989,64.46748
cpv,1990,53.01824
cpv,1991,38.97711
cpv,1992,41.66725
cpv,1993,36.53697
cpv,1994,40.83593
cpv,1995,81.30291
cpv,1996,115.16
cpv,1997,126.38727
cpv,1998,94.82904
cpv,1999,104.07353
cpv,2000,100
cpv,2001,90.90909
cpv,2002,95.81818
cpv,2003,115.83636
cpv,2004,137.21818
cpv,2005,160.13636
cpv,2006,187.73636
cpv,2007,174.71818
cpv,2008,290.74545
cpv,2009,319.27273
cpv,2010,404.51818
cpv,2011,623.15455
cpv,2012,512.34545
cpv,2013,626.48182
cpv,2014,730.49216
cpv,2015,607.49091
cpv,2016,543.83588
cpv,2017,454.69911
cpv,2018,687.07161
cpv,2019,560.76924
cpv,2020,479.07817
cri,1980,17.12396
cri,1981,17.23336
cri,1982,14.8794
cri,1983,14.917
cri,1984,17.2043
cri,1985,16.68462
cri,1986,19.15483
cri,1987,19.80102
cri,1988,21.29511
cri,1989,24.18244
cri,1990,24.75683
cri,1991,27.31251
cri,1992,31.46828
cri,1993,44.88264
cri,1994,49.20252
cri,1995,59.42014
cri,1996,64.24945
cri,1997,74.09782
cri,1998,94.45954
cri,1999,113.89302
cri,2000,100
cri,2001,85.83346
cri,2002,89.98752
cri,2003,104.31646
cri,2004,107.72296
cri,2005,120.11556
cri,2006,140.17813
cri,2007,159.61502
cri,2008,162.46474
cri,2009,150.15642
cri,2010,161.51427
cri,2011,177.93049
cri,2012,195.45276
cri,2013,196.26648
cri,2014,192.31755
cri,2015,161.06039
cri,2016,177.11949
cri,2017,184.08774
cri,2018,193.93271
cri,2019,200.21759
cri,2020,208.10595
cub,1980,332.7565
cub,1981,322.55365
cub,1982,353.22183
cub,1983,383.77076
cub,1984,370.70389
cub,1985,356.98082
cub,1986,454.3554
cub,1987,322.31488
cub,1988,329.23604
cub,1989,321.71832
cub,1990,292.95943
cub,1991,63.55191
cub,1992,69.44988
cub,1993,68.28819
cub,1994,78.41289
cub,1995,95.46539
cub,1996,120.22673
cub,1997,108.11456
cub,1998,90.2148
cub,1999,89.26014
cub,2000,100
cub,2001,99.10501
cub,2002,84.7852
cub,2003,100.73986
cub,2004,139.14678
cub,2005,138.34081
cub,2006,188.46396
cub,2007,237.50996
cub,2008,236.12452
cub,2009,184.49445
cub,2010,293.1741
cub,2011,384.23717
cub,2012,351.99881
cub,2013,315.2148
cub,2014,289.79714
cub,2015,199.85919
cub,2016,138.24189
cub,2017,143.31742
cub,2018,141.58711
cub,2019,123.03103
cub,2020,131.26492
cym,1995,102.7027
cym,1996,140.54054
cym,1997,118.91892
cym,1998,75.67568
cym,1999,97.2973
cym,2000,100
cym,2001,86.48649
cym,2002,75.67568
cym,2003,86.48649
cym,2004,129.72973
cym,2005,320.54054
cym,2006,126.48649
cym,2007,116.05383
cym,2008,175.79194
cym,2009,149.10735
cym,2010,131.37795
cym,2011,198.48576
cym,2012,210.47351
cym,2013,277.60145
cym,2014,260.13806
cym,2015,350.15135
cym,2016,311.95676
cym,2017,209
cym,2018,223.35135
cym,2019,269.12973
cym,2020,119.66486
cyp,1995,129.23689
cyp,1996,146.72804
cyp,1997,131.4334
cyp,1998,111.60588
cyp,1999,104.62972
cyp,2000,100
cyp,2001,102.6232
cyp,2002,88.63869
cyp,2003,97.05042
cyp,2004,99.63535
cyp,2005,154.02291
cyp,2006,140.17509
cyp,2007,146.57485
cyp,2008,171.71122
cyp,2009,132.20581
cyp,2010,147.43258
cyp,2011,191.15691
cyp,2012,182.91523
cyp,2013,212.31681
cyp,2014,332.62725
cyp,2015,346.49202
cyp,2016,311.71534
cyp,2017,345.67414
cyp,2018,531.17167
cyp,2019,363.08045
cyp,2020,321.43615
cze,1995,74.53833
cze,1996,75.32716
cze,1997,78.18308
cze,1998,90.80395
cze,1999,91.27707
cze,2000,100
cze,2001,114.53906
cze,2002,132.30242
cze,2003,167.39429
cze,2004,237.11666
cze,2005,268.47666
cze,2006,326.28439
cze,2007,421.04467
cze,2008,504.57062
cze,2009,388.24471
cze,2010,457.07754
cze,2011,560.04639
cze,2012,539.77349
cze,2013,557.91846
cze,2014,601.57423
cze,2015,542.64855
cze,2016,559.19816
cze,2017,626.05049
cze,2018,695.1229
cze,2019,684.43219
cze,2020,660.12855
deu,1995,95.10478
deu,1996,95.18168
deu,1997,93.18231
deu,1998,98.68746
deu,1999,98.83764
deu,2000,100
deu,2001,103.85102
deu,2002,111.87826
deu,2003,136.53628
deu,2004,165.29957
deu,2005,176.38648
deu,2006,201.31024
deu,2007,240.02556
deu,2008,262.72663
deu,2009,203.47829
deu,2010,228.70925
deu,2011,267.77953
deu,2012,254.54079
deu,2013,262.5005
deu,2014,271.45449
deu,2015,240.93246
deu,2016,242.41296
deu,2017,263.09349
deu,2018,283.50388
deu,2019,270.58207
deu,2020,250.8228
dji,1980,41.10253
dji,1981,28.4556
dji,1982,41.10253
dji,1983,34.77906
dji,1984,41.10253
dji,1985,44.26426
dji,1986,63.23466
dji,1987,88.52852
dji,1988,72.71985
dji,1989,79.04332
dji,1990,79.04332
dji,1991,54.8482
dji,1992,49.81348
dji,1993,38.26743
dji,1994,38.26743
dji,1995,43.03797
dji,1996,91.77215
dji,1997,98.73418
dji,1998,88.60759
dji,1999,87.02532
dji,2000,100
dji,2001,101.26582
dji,2002,112.73101
dji,2003,117.87658
dji,2004,120.19304
dji,2005,125
dji,2006,174.59177
dji,2007,183.76266
dji,2008,217.56646
dji,2009,244.83544
dji,2010,269.40823
dji,2011,293.35759
dji,2012,373.41772
dji,2013,378.56329
dji,2014,408.74367
dji,2015,422.72441
dji,2016,5481.42149
dji,2017,10006.38924
dji,2018,11145.5
dji,2019,12646.18987
dji,2020,9243.98734
dma,1980,18.18068
dma,1981,35.77447
dma,1982,45.62732
dma,1983,51.15086
dma,1984,47.85028
dma,1985,53.06216
dma,1986,81.04159
dma,1987,89.57625
dma,1988,101.19985
dma,1989,84.17159
dma,1990,102.70746
dma,1991,101.34785
dma,1992,99.77884
dma,1993,91.01406
dma,1994,87.99324
dma,1995,84.16352
dma,1996,95.76075
dma,1997,97.78324
dma,1998,115.74578
dma,1999,103.99514
dma,2000,100
dma,2001,82.11621
dma,2002,80.24993
dma,2003,74.65856
dma,2004,78.37432
dma,2005,77.97867
dma,2006,77.40013
dma,2007,68.7406
dma,2008,74.6399
dma,2009,62.49417
dma,2010,68.7238
dma,2011,54.09405
dma,2012,63.17349
dma,2013,66.23979
dma,2014,67.19454
dma,2015,56.38211
dma,2016,33.10216
dma,2017,21.89143
dma,2018,18.95391
dma,2019,33.8972
dma,2020,26.41156
dnk,1995,99.50251
dnk,1996,100.34305
dnk,1997,96.30779
dnk,1998,95.70144
dnk,1999,98.39209
dnk,2000,100
dnk,2001,101.05356
dnk,2002,112.36965
dnk,2003,129.99388
dnk,2004,150.64645
dnk,2005,166.3628
dnk,2006,180.89808
dnk,2007,201.64117
dnk,2008,228.51717
dnk,2009,183.68523
dnk,2010,188.48577
dnk,2011,218.63049
dnk,2012,206.13231
dnk,2013,216.84244
dnk,2014,217.90556
dnk,2015,186.56478
dnk,2016,186.30872
dnk,2017,200.34057
dnk,2018,214.42254
dnk,2019,216.50962
dnk,2020,211.61429
dom,1980,99.55597
dom,1981,122.96434
dom,1982,79.46385
dom,1983,81.26895
dom,1984,89.8494
dom,1985,76.09377
dom,1986,74.27522
dom,1987,73.61693
dom,1988,92.08715
dom,1989,95.67769
dom,1990,76.02753
dom,1991,68.13849
dom,1992,58.21042
dom,1993,52.89448
dom,1994,66.65942
dom,1995,65.88809
dom,1996,70.64668
dom,1997,80.42531
dom,1998,86.96183
dom,1999,89.54157
dom,2000,100
dom,2001,91.96444
dom,2002,90.02963
dom,2003,95.36343
dom,2004,103.46871
dom,2005,107.11173
dom,2006,115.21272
dom,2007,124.80739
dom,2008,117.61374
dom,2009,95.57086
dom,2010,117.72161
dom,2011,148.02336
dom,2012,158.08088
dom,2013,168.22555
dom,2014,172.54488
dom,2015,164.57731
dom,2016,171.51124
dom,2017,176.6533
dom,2018,185.42967
dom,2019,195.09674
dom,2020,179.48928
dza,1980,64.06928
dza,1981,66.49423
dza,1982,60.83141
dza,1983,58.67436
dza,1984,59.13626
dza,1985,59.40416
dza,1986,38.12933
dza,1987,43.74134
dza,1988,38.93303
dza,1989,47.21478
dza,1990,67.93072
dza,1991,61.49192
dza,1992,56.10624
dza,1993,50.18014
dza,1994,45.93995
dza,1995,46.56196
dza,1996,60.14174
dza,1997,63.06542
dza,1998,46.33864
dza,1999,56.85222
dza,2000,100
dza,2001,86.84467
dza,2002,85.32865
dza,2003,105.13684
dza,2004,142.08884
dza,2005,208.80486
dza,2006,247.88837
dza,2007,273.08054
dza,2008,359.93357
dza,2009,205.04498
dza,2010,258.96165
dza,2011,333.56652
dza,2012,326.19973
dza,2013,294.91694
dza,2014,272.61684
dza,2015,157.35803
dza,2016,136.28799
dza,2017,159.73193
dza,2018,189.71656
dza,2019,162.60302
dza,2020,98.11996
ecu,1980,50.35624
ecu,1981,49.75946
ecu,1982,47.24246
ecu,1983,47.65452
ecu,1984,53.18989
ecu,1985,58.96072
ecu,1986,44.07795
ecu,1987,39.13123
ecu,1988,44.50218
ecu,1989,47.77834
ecu,1990,55.09591
ecu,1991,57.88085
ecu,1992,61.04537
ecu,1993,58.94042
ecu,1994,77.53781
ecu,1995,87.4269
ecu,1996,99.45744
ecu,1997,106.856
ecu,1998,85.30984
ecu,1999,90.34736
ecu,2000,100
ecu,2001,94.95335
ecu,2002,102.34176
ecu,2003,126.30723
ecu,2004,157.367
ecu,2005,205.00829
ecu,2006,258.35104
ecu,2007,290.68552
ecu,2008,381.97155
ecu,2009,281.3902
ecu,2010,355.00782
ecu,2011,453.09569
ecu,2012,482.37347
ecu,2013,504.35789
ecu,2014,522.15069
ecu,2015,372.07194
ecu,2016,340.95652
ecu,2017,388.14471
ecu,2018,439.00146
ecu,2019,453.2384
ecu,2020,410.55586
egy,1980,64.95852
egy,1981,68.94351
egy,1982,66.54155
egy,1983,68.55047
egy,1984,66.96189
egy,1985,79.20944
egy,1986,62.57512
egy,1987,92.79904
egy,1988,121.69244
egy,1989,144.25945
egy,1990,105.70557
egy,1991,79.02199
egy,1992,65.32192
egy,1993,48.02499
egy,1994,74.11977
egy,1995,65.10059
egy,1996,66.99218
egy,1997,74.31024
egy,1998,59.33352
egy,1999,67.46337
egy,2000,100
egy,2001,91.44276
egy,2002,105.11576
egy,2003,140.40526
egy,2004,183.12025
egy,2005,244.73175
egy,2006,317.06093
egy,2007,364.3677
egy,2008,497.03966
egy,2009,437.10478
egy,2010,501.09687
egy,2011,578.61569
egy,2012,557.41587
egy,2013,549.99456
egy,2014,508.96619
egy,2015,404.64451
egy,2016,482.71518
egy,2017,485.2929
egy,2018,523.57956
egy,2019,549.5273
egy,2020,504.73949
eri,1993,191.8837
eri,1994,342.84044
eri,1995,232.42
eri,1996,264.87811
eri,1997,153.50568
eri,1998,75.92541
eri,1999,55.88838
eri,2000,100
eri,2001,51.35135
eri,2002,140.05676
eri,2003,17.88919
eri,2004,30.56757
eri,2005,30.59459
eri,2006,33.16216
eri,2007,35.72973
eri,2008,30.27027
eri,2009,29.72973
eri,2010,35.13514
eri,2011,1162.16216
eri,2012,1297.2973
eri,2013,852.80811
eri,2014,1703.43851
eri,2015,1348.06102
eri,2016,1179.48876
eri,2017,1575.67568
eri,2018,1808.10811
eri,2019,2075.67568
eri,2020,1502.7027
esp,1995,85.11973
esp,1996,93.15367
esp,1997,87.64727
esp,1998,97.30299
esp,1999,90.92312
esp,2000,100
esp,2001,101.47282
esp,2002,109.32532
esp,2003,135.81947
esp,2004,158.84909
esp,2005,167.56608
esp,2006,185.89529
esp,2007,220.3232
esp,2008,244.84855
esp,2009,197.7436
esp,2010,221.29762
esp,2011,266.64415
esp,2012,256.81471
esp,2013,276.33946
esp,2014,282.28517
esp,2015,245.5274
esp,2016,252.23172
esp,2017,277.9348
esp,2018,301.61379
esp,2019,290.5354
esp,2020,267.04795
est,1995,48.05537
est,1996,54.2599
est,1997,76.65604
est,1998,84.72807
est,1999,78.78401
est,2000,100
est,2001,104.8384
est,2002,113.22025
est,2003,146.79988
est,2004,154.90693
est,2005,201.47126
est,2006,253.07275
est,2007,287.48795
est,2008,325.29291
est,2009,236.2579
est,2010,302.65019
est,2011,436.29177
est,2012,420.04805
est,2013,426.03133
est,2014,418.88581
est,2015,335.16679
est,2016,343.91445
est,2017,380.14788
est,2018,444.34043
est,2019,420.66442
est,2020,427.72542
eth,1980,87.40583
eth,1981,80.07515
eth,1982,83.09892
eth,1983,82.88314
eth,1984,85.81241
eth,1985,68.5749
eth,1986,93.66132
eth,1987,73.12744
eth,1988,88.38548
eth,1989,90.66329
eth,1990,61.25513
eth,1991,38.83958
eth,1992,34.77583
eth,1993,40.93847
eth,1994,76.69374
eth,1995,87.02342
eth,1996,85.96379
eth,1997,120.8451
eth,1998,115.44568
eth,1999,96.21204
eth,2000,100
eth,2001,93.69003
eth,2002,98.88602
eth,2003,102.20697
eth,2004,139.67062
eth,2005,185.93867
eth,2006,214.75875
eth,2007,262.97967
eth,2008,329.83729
eth,2009,333.20004
eth,2010,479.73268
eth,2011,592.05632
eth,2012,595.36348
eth,2013,640.80232
eth,2014,674.27993
eth,2015,599.96623
eth,2016,574.20662
eth,2017,622.18415
eth,2018,556.78645
eth,2019,564.48757
eth,2020,670.75883
fin,1995,88.06254
fin,1996,89.30577
fin,1997,90.1832
fin,1998,95.05301
fin,1999,91.9425
fin,2000,100
fin,2001,94.01675
fin,2002,98.16588
fin,2003,115.61789
fin,2004,133.77279
fin,2005,142.42126
fin,2006,167.88028
fin,2007,195.75455
fin,2008,209.73736
fin,2009,136.67381
fin,2010,151.16302
fin,2011,172.09124
fin,2012,158.90193
fin,2013,161.88067
fin,2014,161.63297
fin,2015,130.07008
fin,2016,125.91853
fin,2017,148.02238
fin,2018,164.97348
fin,2019,159.75262
fin,2020,143.93194
fji,1980,80.88146
fji,1981,68.83436
fji,1982,64.85665
fji,1983,52.60758
fji,1984,57.24302
fji,1985,52.79423
fji,1986,57.87061
fji,1987,65.38938
fji,1988,64.10646
fji,1989,76.14306
fji,1990,85.59403
fji,1991,77.55184
fji,1992,76.34107
fji,1993,77.42408
fji,1994,97.58552
fji,1995,105.81197
fji,1996,127.86325
fji,1997,106.26479
fji,1998,87.52137
fji,1999,104.10256
fji,2000,100
fji,2001,91.79487
fji,2002,88.03419
fji,2003,114.18803
fji,2004,118.46154
fji,2005,119.82906
fji,2006,118.66308
fji,2007,129.01487
fji,2008,157.59162
fji,2009,107.63658
fji,2010,143.82239
fji,2011,182.81556
fji,2012,208.64991
fji,2013,189.4
fji,2014,234.74606
fji,2015,153.0188
fji,2016,158.26974
fji,2017,163.35265
fji,2018,177.95556
fji,2019,176.5665
fji,2020,141.60872
fra,1995,92.39021
fra,1996,93.48445
fra,1997,92.45477
fra,1998,98.11171
fra,1999,99.60961
fra,2000,100
fra,2001,98.95262
fra,2002,101.50466
fra,2003,119.96234
fra,2004,138.34246
fra,2005,141.80697
fra,2006,151.73344
fra,2007,171.23888
fra,2008,188.56684
fra,2009,148.34096
fra,2010,160.27047
fra,2011,182.51812
fra,2012,174.02233
fra,2013,177.73635
fra,2014,177.90363
fra,2015,154.91476
fra,2016,153.35864
fra,2017,163.79904
fra,2018,178.1574
fra,2019,174.70849
fra,2020,149.43978
fro,1995,76.37131
fro,1996,87.76371
fro,1997,81.85654
fro,1998,92.19409
fro,1999,98.73418
fro,2000,100
fro,2001,108.43882
fro,2002,113.08017
fro,2003,125.31646
fro,2004,129.95781
fro,2005,126.37131
fro,2006,137.34177
fro,2007,157.43249
fro,2008,179.76603
fro,2009,160.70549
fro,2010,176.99641
fro,2011,212.59156
fro,2012,200.84072
fro,2013,229.4192
fro,2014,234.27215
fro,2015,215.81964
fro,2016,253.55179
fro,2017,280.42384
fro,2018,268.05844
fro,2019,301.76181
fro,2020,270.90781
fsm,1995,95.19511
fsm,1996,83.95593
fsm,1997,77.97528
fsm,1998,108.78582
fsm,1999,83.46063
fsm,2000,100
fsm,2001,122.64963
fsm,2002,124.36699
fsm,2003,130.80591
fsm,2004,80.98412
fsm,2005,85.63625
fsm,2006,81.47017
fsm,2007,99.52321
fsm,2008,126.37134
fsm,2009,115.26177
fsm,2010,139.12058
fsm,2011,337.07818
fsm,2012,241.36463
fsm,2013,161.36185
fsm,2014,148.78026
fsm,2015,183.19215
fsm,2016,225.54738
fsm,2017,212.84544
fsm,2018,216.49771
fsm,2019,226.82035
fsm,2020,231.44934
gab,1980,88.24609
gab,1981,89.38087
gab,1982,87.75384
gab,1983,81.2368
gab,1984,81.6929
gab,1985,79.25643
gab,1986,51.60306
gab,1987,52.29961
gab,1988,48.55818
gab,1989,64.88002
gab,1990,89.50434
gab,1991,91.08953
gab,1992,84.56152
gab,1993,93.20231
gab,1994,95.45683
gab,1995,104.43722
gab,1996,122.54329
gab,1997,116.40311
gab,1998,73.73558
gab,1999,92.13147
gab,2000,100
gab,2001,97.14237
gab,2002,92.73171
gab,2003,117.85746
gab,2004,143.47322
gab,2005,194.94788
gab,2006,209.76585
gab,2007,242.82803
gab,2008,368.18502
gab,2009,206.14702
gab,2010,334.31592
gab,2011,375.86692
gab,2012,365.36747
gab,2013,373.92206
gab,2014,319.09057
gab,2015,196.78304
gab,2016,167.23406
gab,2017,210.44621
gab,2018,250.3423
gab,2019,254.81556
gab,2020,188.72731
gbr,1995,83.58007
gbr,1996,90.67308
gbr,1997,98.48873
gbr,1998,96.12348
gbr,1999,95.68049
gbr,2000,100
gbr,2001,95.78349
gbr,2002,98.41061
gbr,2003,107.34285
gbr,2004,122.04725
gbr,2005,135.03669
gbr,2006,157.57668
gbr,2007,154.21838
gbr,2008,161.481
gbr,2009,124.64613
gbr,2010,146.09382
gbr,2011,177.91838
gbr,2012,166.05476
gbr,2013,189.65769
gbr,2014,179.40019
gbr,2015,163.61654
gbr,2016,144.30145
gbr,2017,154.88757
gbr,2018,170.8481
gbr,2019,164.96318
gbr,2020,142.13258
geo,1995,46.74923
geo,1996,61.60991
geo,1997,74.30341
geo,1998,59.13313
geo,1999,73.68421
geo,2000,100
geo,2001,98.45201
geo,2002,107.12074
geo,2003,142.72446
geo,2004,200.27957
geo,2005,267.80186
geo,2006,289.83653
geo,2007,381.45511
geo,2008,462.94118
geo,2009,350.95975
geo,2010,519.19505
geo,2011,677.70898
geo,2012,735.60372
geo,2013,901.10867
geo,2014,885.7725
geo,2015,682.41486
geo,2016,655.44892
geo,2017,850.06192
geo,2018,1046.34675
geo,2019,1175.97523
geo,2020,1035.10836
gha,1980,75.25135
gha,1981,63.71813
gha,1982,52.27139
gha,1983,157.02274
gha,1984,31.57786
gha,1985,36.91915
gha,1986,51.62334
gha,1987,58.43884
gha,1988,60.39617
gha,1989,60.90425
gha,1990,53.32136
gha,1991,36.924
gha,1992,74.92579
gha,1993,58.27098
gha,1994,85.28785
gha,1995,103.29436
gha,1996,99.99554
gha,1997,97.98226
gha,1998,107.52201
gha,1999,102.93826
gha,2000,100
gha,2001,102.69887
gha,2002,110.71848
gha,2003,139.10406
gha,2004,146.62718
gha,2005,167.706
gha,2006,223.0337
gha,2007,251.04488
gha,2008,315.38165
gha,2009,349.49395
gha,2010,476.39409
gha,2011,765.1796
gha,2012,811.0787
gha,2013,823.02253
gha,2014,790.99496
gha,2015,617.69481
gha,2016,666.60604
gha,2017,827.99588
gha,2018,894.28932
gha,2019,937.69575
gha,2020,866.08962
gib,1995,91.38407
gib,1996,86.41667
gib,1997,63.37164
gib,1998,97.85522
gib,1999,94.25649
gib,2000,100
gib,2001,94.82691
gib,2002,116.44375
gib,2003,115.86153
gib,2004,156.22895
gib,2005,157.35641
gib,2006,189.61448
gib,2007,239.18175
gib,2008,222.65932
gib,2009,207.75138
gib,2010,203.26672
gib,2011,193.87805
gib,2012,197.86153
gib,2013,219.06294
gib,2014,226.4298
gib,2015,231.99159
gib,2016,241.35657
gib,2017,338.31629
gib,2018,174.66562
gib,2019,169.15814
gib,2020,211.64437
gin,1980,60.17349
gin,1981,64.54813
gin,1982,68.92277
gin,1983,73.29742
gin,1984,77.67206
gin,1985,73.9849
gin,1986,67.53309
gin,1987,81.73755
gin,1988,76.81814
gin,1989,89.3793
gin,1990,100.72936
gin,1991,96.83903
gin,1992,85.25247
gin,1993,98.62535
gin,1994,98.62535
gin,1995,105.3845
gin,1996,106.49201
gin,1997,102.77218
gin,1998,104.05405
gin,1999,95.45045
gin,2000,100
gin,2001,109.75976
gin,2002,106.45646
gin,2003,91.44144
gin,2004,111.74625
gin,2005,128.03153
gin,2006,155.10511
gin,2007,180.63063
gin,2008,201.503
gin,2009,157.61562
gin,2010,220.8964
gin,2011,215.12312
gin,2012,289.42793
gin,2013,283.22222
gin,2014,310.26126
gin,2015,267.43994
gin,2016,362.46246
gin,2017,689.7988
gin,2018,597.30781
gin,2019,592.4024
gin,2020,840.09009
gmb,1980,205.50721
gmb,1981,205.50721
gmb,1982,288.49571
gmb,1983,31.47071
gmb,1984,274.69818
gmb,1985,166.68525
gmb,1986,382.95375
gmb,1987,412.48992
gmb,1988,311.26427
gmb,1989,292.12872
gmb,1990,202.0657
gmb,1991,249.09864
gmb,1992,375.70152
gmb,1993,437.49861
gmb,1994,230.84838
gmb,1995,101.39988
gmb,1996,132.34966
gmb,1997,91.6398
gmb,1998,130.68506
gmb,1999,74.39554
gmb,2000,100
gmb,2001,54.75511
gmb,2002,107.78053
gmb,2003,29.07626
gmb,2004,112.10787
gmb,2005,46.26782
gmb,2006,71.06634
gmb,2007,82.68444
gmb,2008,84.74892
gmb,2009,408.67328
gmb,2010,423.3788
gmb,2011,588.42529
gmb,2012,736.81339
gmb,2013,658.42529
gmb,2014,776.64484
gmb,2015,710.70758
gmb,2016,653.83503
gmb,2017,766.37322
gmb,2018,866.85679
gmb,2019,826.21823
gmb,2020,378.2641
gnb,1980,17.61988
gnb,1981,22.59326
gnb,1982,19.3185
gnb,1983,13.7515
gnb,1984,28.021
gnb,1985,18.57084
gnb,1986,16.07169
gnb,1987,27.32188
gnb,1988,25.55399
gnb,1989,22.8218
gnb,1990,30.95408
gnb,1991,32.85054
gnb,1992,9.38193
gnb,1993,45.80256
gnb,1994,138.54554
gnb,1995,38.57206
gnb,1996,45.28746
gnb,1997,77.92585
gnb,1998,43.04305
gnb,1999,82.22503
gnb,2000,100
gnb,2001,101.25166
gnb,2002,86.78714
gnb,2003,104.466
gnb,2004,122.14486
gnb,2005,143.81593
gnb,2006,118.93053
gnb,2007,172.02497
gnb,2008,206.00856
gnb,2009,195.37071
gnb,2010,203.4612
gnb,2011,388.96389
gnb,2012,210.60507
gnb,2013,245.61023
gnb,2014,266.87822
gnb,2015,405.42675
gnb,2016,444.47239
gnb,2017,545.29967
gnb,2018,545.44271
gnb,2019,399.6596
gnb,2020,318.59398
gnq,1980,1.2483
gnq,1981,1.02918
gnq,1982,1.05362
gnq,1983,1.21414
gnq,1984,1.36183
gnq,1985,1.51623
gnq,1986,2.22386
gnq,1987,3.82971
gnq,1988,4.50609
gnq,1989,3.69441
gnq,1990,5.69208
gnq,1991,3.40547
gnq,1992,4.58377
gnq,1993,5.17161
gnq,1994,5.65294
gnq,1995,11.62078
gnq,1996,21.1258
gnq,1997,45.168
gnq,1998,40.01823
gnq,1999,64.63081
gnq,2000,100
gnq,2001,158.15861
gnq,2002,192.98086
gnq,2003,255.33273
gnq,2004,419.21996
gnq,2005,643.93801
gnq,2006,748.13127
gnq,2007,930.72015
gnq,2008,1387.21832
gnq,2009,829.5351
gnq,2010,911.57703
gnq,2011,1230.62899
gnq,2012,1412.94439
gnq,2013,1340.01823
gnq,2014,1166.8186
gnq,2015,592.52507
gnq,2016,446.67274
gnq,2017,474.02005
gnq,2018,592.52507
gnq,2019,483.13583
gnq,2020,291.70465
grc,1995,94.30015
grc,1996,99.73897
grc,1997,96.65661
grc,1998,92.58839
grc,1999,94.52588
grc,2000,100
grc,2001,96.84615
grc,2002,88.84601
grc,2003,114.16506
grc,2004,130.5959
grc,2005,147.40712
grc,2006,177.01715
grc,2007,201.1514
grc,2008,225.06983
grc,2009,174.62782
grc,2010,238.45135
grc,2011,288.52229
grc,2012,302.36143
grc,2013,309.14124
grc,2014,306.78636
grc,2015,243.60124
grc,2016,240.16091
grc,2017,278.3484
grc,2018,337.00565
grc,2019,323.3996
grc,2020,300.04113
grd,1980,66.87468
grd,1981,73.15661
grd,1982,71.34892
grd,1983,72.77084
grd,1984,69.96315
grd,1985,85.80047
grd,1986,110.76934
grd,1987,121.51012
grd,1988,126.2109
grd,1989,116.66666
grd,1990,107.26511
grd,1991,84.47316
grd,1992,76.78085
grd,1993,78.49008
grd,1994,91.59548
grd,1995,45.30854
grd,1996,41.68208
grd,1997,47.46146
grd,1998,72.91667
grd,1999,75
grd,2000,100
grd,2001,89.58333
grd,2002,79.71042
grd,2003,86.8125
grd,2004,65.77917
grd,2005,57.59375
grd,2006,52.85625
grd,2007,69.60625
grd,2008,63.62083
grd,2009,60.80833
grd,2010,52.025
grd,2011,65.2625
grd,2012,72.09167
grd,2013,76.69792
grd,2014,76.96821
grd,2015,67.79583
grd,2016,62.7625
grd,2017,62.59167
grd,2018,65.1625
grd,2019,66.01042
grd,2020,46.45833
grl,1980,80.28494
grl,1981,77.77247
grl,1982,64.41068
grl,1983,65.97146
grl,1984,65.40044
grl,1985,66.17436
grl,1986,97.76909
grl,1987,131.83975
grl,1988,148.78715
grl,1989,159.1412
grl,1990,171.92931
grl,1991,129.68055
grl,1992,126.7006
grl,1993,118.88072
grl,1994,116.76986
grl,1995,135.89744
grl,1996,135.16484
grl,1997,107.32601
grl,1998,93.40659
grl,1999,101.4652
grl,2000,100
grl,2001,98.1685
grl,2002,110.98901
grl,2003,127.10623
grl,2004,139.70769
grl,2005,147.39927
grl,2006,145.05495
grl,2007,157.87546
grl,2008,178.5641
grl,2009,131.88645
grl,2010,139.22113
grl,2011,179.98498
grl,2012,174.17143
grl,2013,198.37692
grl,2014,204.91212
grl,2015,148.82354
grl,2016,210.74496
grl,2017,218.20037
grl,2018,256.07216
grl,2019,302.7359
grl,2020,280.49963
gtm,1980,56.38188
gtm,1981,45.48524
gtm,1982,41.54326
gtm,1983,42.98857
gtm,1984,41.86452
gtm,1985,39.21205
gtm,1986,38.72236
gtm,1987,36.62758
gtm,1988,37.90251
gtm,1989,41.10328
gtm,1990,43.14327
gtm,1991,44.59823
gtm,1992,48.05201
gtm,1993,49.72622
gtm,1994,56.44383
gtm,1995,73.42874
gtm,1996,75.84464
gtm,1997,88.17498
gtm,1998,94.52272
gtm,1999,91.97403
gtm,2000,100
gtm,2001,90.95603
gtm,2002,153.51505
gtm,2003,164.48067
gtm,2004,185.76276
gtm,2005,198.47046
gtm,2006,222.23233
gtm,2007,254.41502
gtm,2008,285.38654
gtm,2009,266.07037
gtm,2010,312.13116
gtm,2011,383.62718
gtm,2012,368.05474
gtm,2013,369.75488
gtm,2014,398.4755
gtm,2015,393.82541
gtm,2016,385.34456
gtm,2017,405.34218
gtm,2018,397.21527
gtm,2019,412.18062
gtm,2020,424.95795
gum,1980,82.43243
gum,1981,104.05405
gum,1982,81.08108
gum,1983,52.7027
gum,1984,124.32432
gum,1985,17.56757
gum,1986,29.72973
gum,1987,43.24324
gum,1988,60.81081
gum,1989,85.13514
gum,1990,110.81081
gum,1991,98.64865
gum,1992,104.05405
gum,1993,143.24324
gum,1994,114.86486
gum,1995,114.8473
gum,1996,98.87432
gum,1997,119.86486
gum,1998,116.21622
gum,1999,102.7027
gum,2000,100
gum,2001,82.18784
gum,2002,67.19459
gum,2003,58.42027
gum,2004,71.37973
gum,2005,70.09595
gum,2006,71.57162
gum,2007,123.45135
gum,2008,141.7
gum,2009,69.29459
gum,2010,61.62703
gum,2011,58.60811
gum,2012,62.36081
gum,2013,61.16622
gum,2014,55.76757
gum,2015,43.72703
gum,2016,44.58919
gum,2017,44.51216
gum,2018,45.89324
gum,2019,43.55946
gum,2020,48.49595
guy,1980,78.18139
guy,1981,69.49754
guy,1982,48.48128
guy,1983,37.93457
guy,1984,42.19404
guy,1985,33.41476
guy,1986,44.68045
guy,1987,53.56679
guy,1988,46.1162
guy,1989,45.67806
guy,1990,51.57538
guy,1991,49.51124
guy,1992,58.673
guy,1993,83.14356
guy,1994,91.66128
guy,1995,93.20292
guy,1996,115.90971
guy,1997,118.19295
guy,1998,108.93857
guy,1999,104.1468
guy,2000,100
guy,2001,95.30114
guy,2002,97.09551
guy,2003,102.27925
guy,2004,118.2394
guy,2005,110.27617
guy,2006,117.22319
guy,2007,135.28993
guy,2008,158.41042
guy,2009,152.04598
guy,2010,175.40314
guy,2011,225.11404
guy,2012,282.21497
guy,2013,274.16023
guy,2014,232.71022
guy,2015,229.54016
guy,2016,287.21928
guy,2017,286.54141
guy,2018,274.55898
guy,2019,312.44019
guy,2020,515.86226
hkg,1980,9.78485
hkg,1981,10.81294
hkg,1982,10.40602
hkg,1983,10.87823
hkg,1984,14.03081
hkg,1985,14.95432
hkg,1986,17.55633
hkg,1987,24.01476
hkg,1988,31.2906
hkg,1989,36.23303
hkg,1990,40.70143
hkg,1991,48.83434
hkg,1992,59.19301
hkg,1993,66.99891
hkg,1994,75.00198
hkg,1995,85.7847
hkg,1996,89.25958
hkg,1997,92.85189
hkg,1998,86.27463
hkg,1999,86.04718
hkg,2000,100
hkg,2001,94.26839
hkg,2002,99.62736
hkg,2003,112.84037
hkg,2004,131.01385
hkg,2005,144.12605
hkg,2006,159.19874
hkg,2007,172.38031
hkg,2008,182.67039
hkg,2009,162.53062
hkg,2010,197.69394
hkg,2011,224.77138
hkg,2012,243.19132
hkg,2013,264.22838
hkg,2014,258.59594
hkg,2015,251.86418
hkg,2016,254.8979
hkg,2017,271.29298
hkg,2018,280.46534
hkg,2019,263.9034
hkg,2020,270.7545
hnd,1980,60.10377
hnd,1981,55.12453
hnd,1982,47.78882
hnd,1983,48.6801
hnd,1984,52.56045
hnd,1985,56.52413
hnd,1986,61.89721
hnd,1987,57.34658
hnd,1988,61.00592
hnd,1989,62.20879
hnd,1990,60.21608
hnd,1991,57.41904
hnd,1992,58.07845
hnd,1993,58.98422
hnd,1994,61.01317
hnd,1995,52.90156
hnd,1996,60.03781
hnd,1997,72.96628
hnd,1998,87.59997
hnd,1999,83.05124
hnd,2000,100
hnd,2001,102.37127
hnd,2002,112.00845
hnd,2003,112.28186
hnd,2004,135.6062
hnd,2005,150.98443
hnd,2006,157.82051
hnd,2007,172.98554
hnd,2008,185.39589
hnd,2009,144.36945
hnd,2010,187.36643
hnd,2011,238.58982
hnd,2012,250.0243
hnd,2013,234.28827
hnd,2014,242.78017
hnd,2015,246.03435
hnd,2016,238.0664
hnd,2017,258.89253
hnd,2018,258.52763
hnd,2019,262.84062
hnd,2020,229.80832
hrv,1995,101.93271
hrv,1996,104.78134
hrv,1997,89.83956
hrv,1998,101.93136
hrv,1999,97.08683
hrv,2000,100
hrv,2001,105.28929
hrv,2002,110.65033
hrv,2003,139.60263
hrv,2004,181.06688
hrv,2005,197.96462
hrv,2006,234.15922
hrv,2007,279.00307
hrv,2008,318.43352
hrv,2009,236.34353
hrv,2010,266.39767
hrv,2011,300.98312
hrv,2012,279.15031
hrv,2013,285.83159
hrv,2014,312.19588
hrv,2015,291.65596
hrv,2016,311.683
hrv,2017,362.60094
hrv,2018,392.67689
hrv,2019,387.68074
hrv,2020,387.38553
hti,1980,71.20597
hti,1981,47.691
hti,1982,55.93226
hti,1983,52.25549
hti,1984,56.41074
hti,1985,53.01099
hti,1986,58.06025
hti,1987,67.2207
hti,1988,56.43592
hti,1989,45.34895
hti,1990,50.44858
hti,1991,52.43806
hti,1992,23.10574
hti,1993,25.26836
hti,1994,25.88535
hti,1995,34.71842
hti,1996,28.34703
hti,1997,66.85554
hti,1998,100.73347
hti,1999,105.2161
hti,2000,100
hti,2001,86.25303
hti,2002,88.14178
hti,2003,109.0912
hti,2004,123.17499
hti,2005,147.9995
hti,2006,160.13788
hti,2007,164.24277
hti,2008,151.0152
hti,2009,181.40838
hti,2010,182.2835
hti,2011,241.4109
hti,2012,256.61221
hti,2013,278.73894
hti,2014,299.18784
hti,2015,277.53329
hti,2016,310.26852
hti,2017,308.37347
hti,2018,339.49696
hti,2019,377.81975
hti,2020,226.96194
hun,1995,45.63278
hun,1996,55.7064
hun,1997,67.74863
hun,1998,81.59985
hun,1999,88.79039
hun,2000,100
hun,2001,107.95633
hun,2002,122.4346
hun,2003,152.85727
hun,2004,197.09784
hun,2005,223.2384
hun,2006,266.93448
hun,2007,338.38779
hun,2008,384.86906
hun,2009,294.43384
hun,2010,338.68129
hun,2011,398.375
hun,2012,367.36704
hun,2013,381.31923
hun,2014,392.38249
hun,2015,349.47056
hun,2016,361.51265
hun,2017,403.67511
hun,2018,442.33334
hun,2019,439.11218
hun,2020,426.74787
idn,1980,38.55193
idn,1981,40.50769
idn,1982,35.94102
idn,1983,34.03837
idn,1984,35.23276
idn,1985,29.91919
idn,1986,23.83137
idn,1987,27.58354
idn,1988,30.93651
idn,1989,35.67059
idn,1990,41.32863
idn,1991,46.90941
idn,1992,54.67613
idn,1993,59.27339
idn,1994,64.47267
idn,1995,69.44177
idn,1996,76.1647
idn,1997,86.07709
idn,1998,77.01329
idn,1999,78.35115
idn,2000,100
idn,2001,87.70393
idn,2002,90.46374
idn,2003,98.01997
idn,2004,108.20086
idn,2005,133.0154
idn,2006,158.2909
idn,2007,180.43974
idn,2008,213.45504
idn,2009,182.93656
idn,2010,241.69228
idn,2011,311.14322
idn,2012,290.55548
idn,2013,279.11869
idn,2014,269.54832
idn,2015,229.90733
idn,2016,220.92232
idn,2017,258.10841
idn,2018,275.40672
idn,2019,256.38426
idn,2020,249.69266
ind,1980,20.25881
ind,1981,19.57394
ind,1982,22.08125
ind,1983,21.5854
ind,1984,22.30181
ind,1985,21.56609
ind,1986,22.17819
ind,1987,26.65901
ind,1988,31.22633
ind,1989,37.45107
ind,1990,42.40065
ind,1991,41.82891
ind,1992,46.31388
ind,1993,50.90127
ind,1994,59.0425
ind,1995,72.27585
ind,1996,78.1162
ind,1997,82.6066
ind,1998,78.89937
ind,1999,84.16066
ind,2000,100
ind,2001,102.31646
ind,2002,116.2124
ind,2003,139.13137
ind,2004,180.8633
ind,2005,235.05815
ind,2006,287.42263
ind,2007,354.32062
ind,2008,459.72515
ind,2009,389.12559
ind,2010,534.1084
ind,2011,714.74845
ind,2012,700.40845
ind,2013,742.92813
ind,2014,761.44174
ind,2015,632.26943
ind,2016,624.22498
ind,2017,706.1028
ind,2018,766.36084
ind,2019,765.32558
ind,2020,651.97377
irl,1995,57.8991
irl,1996,62.51165
irl,1997,69.084
irl,1998,83.22185
irl,1999,92.3392
irl,2000,100
irl,2001,107.26867
irl,2002,114.30086
irl,2003,120.11517
irl,2004,135.69716
irl,2005,142.00281
irl,2006,140.79618
irl,2007,157.39484
irl,2008,162.80243
irl,2009,150.1229
irl,2010,150.8592
irl,2011,162.82907
irl,2012,151.21759
irl,2013,150.97238
irl,2014,156.76502
irl,2015,159.74893
irl,2016,169.46481
irl,2017,177.87563
irl,2018,213.40314
irl,2019,219.65878
irl,2020,232.79921
irn,1980,43.49268
irn,1981,41.704
irn,1982,72.15382
irn,1983,75.87582
irn,1984,60.28224
irn,1985,50.00882
irn,1986,25.29899
irn,1987,42.03916
irn,1988,37.78091
irn,1989,46.14923
irn,1990,68.10725
irn,1991,65.83524
irn,1992,70.09349
irn,1993,63.7855
irn,1994,68.56236
irn,1995,63.88531
irn,1996,77.91155
irn,1997,63.95838
irn,1998,45.64529
irn,1999,73.17582
irn,2000,100
irn,2001,89.38724
irn,2002,98.25324
irn,2003,117.43624
irn,2004,145.08856
irn,2005,195.73402
irn,2006,267.97035
irn,2007,308.75465
irn,2008,395.51829
irn,2009,274.29625
irn,2010,352.53836
irn,2011,459.30617
irn,2012,376.9825
irn,2013,315.82519
irn,2014,331.11799
irn,2015,244.52834
irn,2016,253.67271
irn,2017,322.78089
irn,2018,359.86638
irn,2019,228.67184
irn,2020,186.3078
irq,1980,127.88914
irq,1981,49.21613
irq,1982,48.69679
irq,1983,39.61074
irq,1984,45.22157
irq,1985,50.52177
irq,1986,36.23259
irq,1987,47.10479
irq,1988,46.63884
irq,1989,59.62239
irq,1990,50.06067
irq,1991,1.82983
irq,1992,2.5142
irq,1993,2.21812
irq,1994,2.19871
irq,1995,2.43376
irq,1996,3.58685
irq,1997,22.58096
irq,1998,26.98724
irq,1999,64.11678
irq,2000,100
irq,2001,63.15996
irq,2002,59.95584
irq,2003,47.64966
irq,2004,87.3896
irq,2005,116.27576
irq,2006,144.06712
irq,2007,202.49215
irq,2008,300.65407
irq,2009,205.73425
irq,2010,257.52012
irq,2011,408.37046
irq,2012,463.158
irq,2013,456.65162
irq,2014,432.34495
irq,2015,282.51766
irq,2016,229.78165
irq,2017,312.09176
irq,2018,455.49951
irq,2019,403.87341
irq,2020,204.79882
isl,1995,94.79221
isl,1996,99.78958
isl,1997,97.36981
isl,1998,101.57812
isl,1999,105.4182
isl,2000,100
isl,2001,106.20726
isl,2002,117.2727
isl,2003,125.24987
isl,2004,149.36854
isl,2005,162.59863
isl,2006,181.64124
isl,2007,251.5989
isl,2008,283.13866
isl,2009,213.39116
isl,2010,242.20726
isl,2011,281.29916
isl,2012,266.36807
isl,2013,262.89938
isl,2014,265.78478
isl,2015,248.8975
isl,2016,233.35787
isl,2017,256.60403
isl,2018,292.2901
isl,2019,274.7241
isl,2020,241.2647
isr,1995,60.64826
isr,1996,65.6288
isr,1997,71.65443
isr,1998,73.21664
isr,1999,82.13647
isr,2000,100
isr,2001,92.49718
isr,2002,93.44928
isr,2003,101.21035
isr,2004,122.97209
isr,2005,136.19325
isr,2006,148.9909
isr,2007,172.24255
isr,2008,195.31618
isr,2009,152.63882
isr,2010,186.00387
isr,2011,215.883
isr,2012,201.05793
isr,2013,212.09647
isr,2014,218.14598
isr,2015,203.99641
isr,2016,192.87671
isr,2017,194.71892
isr,2018,197.27154
isr,2019,186.30192
isr,2020,158.46064
ita,1995,97.19286
ita,1996,104.89582
ita,1997,99.95689
ita,1998,102.19656
ita,1999,97.94029
ita,2000,100
ita,2001,101.65136
ita,2002,105.78287
ita,2003,124.45373
ita,2004,147.0918
ita,2005,155.13828
ita,2006,173.32406
ita,2007,207.83587
ita,2008,225.65826
ita,2009,169.1805
ita,2010,185.97427
ita,2011,217.5549
ita,2012,208.42792
ita,2013,215.41535
ita,2014,220.27346
ita,2015,190.00246
ita,2016,191.97613
ita,2017,210.96923
ita,2018,228.47651
ita,2019,223.56679
ita,2020,206.27173
jam,1980,74.34932
jam,1981,75.21828
jam,1982,59.26325
jam,1983,55.46093
jam,1984,54.41735
jam,1985,43.70632
jam,1986,45.48032
jam,1987,54.5247
jam,1988,67.9686
jam,1989,77.04967
jam,1990,89.44141
jam,1991,85.34139
jam,1992,80.85599
jam,1993,82.73186
jam,1994,93.62561
jam,1995,110.20102
jam,1996,106.82385
jam,1997,106.81767
jam,1998,101.34763
jam,1999,95.7934
jam,2000,100
jam,2001,94.21795
jam,2002,86.0318
jam,2003,91.09254
jam,2004,108.27342
jam,2005,118.27442
jam,2006,150.45526
jam,2007,174.07153
jam,2008,188.344
jam,2009,101.63468
jam,2010,102.52782
jam,2011,125.32996
jam,2012,132.19783
jam,2013,121.17942
jam,2014,112.13391
jam,2015,97.5067
jam,2016,92.8114
jam,2017,101.14668
jam,2018,145.05232
jam,2019,122.51045
jam,2020,94.11848
jor,1980,30.23209
jor,1981,38.6158
jor,1982,39.60422
jor,1983,30.52214
jor,1984,39.58674
jor,1985,41.52404
jor,1986,38.57942
jor,1987,49.17269
jor,1988,53.66479
jor,1989,58.27862
jor,1990,56.01304
jor,1991,59.47696
jor,1992,64.20083
jor,1993,65.58714
jor,1994,74.98907
jor,1995,93.17168
jor,1996,95.65542
jor,1997,96.62112
jor,1998,94.45225
jor,1999,96.45789
jor,2000,100
jor,2001,120.73822
jor,2002,145.85472
jor,2003,162.28313
jor,2004,204.45815
jor,2005,226.50975
jor,2006,274.03554
jor,2007,301.46855
jor,2008,417.95187
jor,2009,335.68202
jor,2010,370.07788
jor,2011,421.58065
jor,2012,415.26894
jor,2013,417.02867
jor,2014,441.50342
jor,2015,412.44636
jor,2016,397.47429
jor,2017,395.51777
jor,2018,408.09104
jor,2019,437.94873
jor,2020,418.25254
jpn,1995,92.45143
jpn,1996,85.73449
jpn,1997,87.82798
jpn,1998,80.9385
jpn,1999,87.49374
jpn,2000,100
jpn,2001,84.18514
jpn,2002,86.94544
jpn,2003,98.43959
jpn,2004,118.02206
jpn,2005,124.12807
jpn,2006,134.93229
jpn,2007,149.03672
jpn,2008,163.03332
jpn,2009,121.16077
jpn,2010,160.6051
jpn,2011,171.74851
jpn,2012,166.61261
jpn,2013,149.09635
jpn,2014,144.00346
jpn,2015,130.38318
jpn,2016,134.58331
jpn,2017,145.69895
jpn,2018,154.00571
jpn,2019,147.20846
jpn,2020,133.80433
kaz,1995,59.57877
kaz,1996,67.07746
kaz,1997,73.72733
kaz,1998,60.53085
kaz,1999,66.63035
kaz,2000,100
kaz,2001,98.03454
kaz,2002,109.73764
kaz,2003,146.69095
kaz,2004,228.01457
kaz,2005,316.02778
kaz,2006,434.05733
kaz,2007,541.91916
kaz,2008,807.65253
kaz,2009,490.18136
kaz,2010,680.54288
kaz,2011,957.0357
kaz,2012,981.01269
kaz,2013,961.15086
kaz,2014,901.70219
kaz,2015,521.50133
kaz,2016,416.29952
kaz,2017,548.14587
kaz,2018,691.72548
kaz,2019,650.33421
kaz,2020,527.08001
ken,1980,71.81844
ken,1981,65.66526
ken,1982,59.09972
ken,1983,50.12642
ken,1984,61.9534
ken,1985,55.224
ken,1986,69.18161
ken,1987,55.40296
ken,1988,61.53469
ken,1989,54.85282
ken,1990,59.52592
ken,1991,63.8918
ken,1992,77.24148
ken,1993,79.26582
ken,1994,91.52085
ken,1995,108.34247
ken,1996,119.24102
ken,1997,118.44166
ken,1998,115.82906
ken,1999,100.76763
ken,2000,100
ken,2001,112.11719
ken,2002,122.05144
ken,2003,139.06338
ken,2004,154.79497
ken,2005,197.2375
ken,2006,201.95259
ken,2007,235.35383
ken,2008,288.422
ken,2009,257.42217
ken,2010,298.12054
ken,2011,331.9414
ken,2012,353.36928
ken,2013,337.70771
ken,2014,352.6703
ken,2015,340.63529
ken,2016,328.44636
ken,2017,331.47169
ken,2018,349.01259
ken,2019,336.74034
ken,2020,347.98406
kgz,1995,80.04267
kgz,1996,98.92288
kgz,1997,118.18497
kgz,1998,100.52848
kgz,1999,90.5461
kgz,2000,100
kgz,2001,93.16892
kgz,2002,95.02838
kgz,2003,113.8579
kgz,2004,140.69289
kgz,2005,131.53259
kgz,2006,174.41769
kgz,2007,258.58289
kgz,2008,363.20219
kgz,2009,327.46134
kgz,2010,343.68761
kgz,2011,387.33607
kgz,2012,370.67919
kgz,2013,402.8577
kgz,2014,371.20767
kgz,2015,282.12958
kgz,2016,307.92719
kgz,2017,345.33177
kgz,2018,359.52241
kgz,2019,388.74535
kgz,2020,392.66001
khm,1980,1.14194
khm,1981,0.71371
khm,1982,0.85646
khm,1983,1.07057
khm,1984,1.28469
khm,1985,1.42743
khm,1986,1.4988
khm,1987,1.57017
khm,1988,2.28389
khm,1989,3.14034
khm,1990,6.13795
khm,1991,15.20212
khm,1992,18.91344
khm,1993,20.2695
khm,1994,34.97202
khm,1995,61.53493
khm,1996,46.34912
khm,1997,52.97042
khm,1998,57.57654
khm,1999,81.2549
khm,2000,100
khm,2001,107.92485
khm,2002,138.39961
khm,2003,152.4339
khm,2004,201.37396
khm,2005,222.49735
khm,2006,265.74309
khm,2007,294.25068
khm,2008,338.83867
khm,2009,302.00408
khm,2010,370.16074
khm,2011,482.50129
khm,2012,564.11345
khm,2013,479.74956
khm,2014,492.71126
khm,2015,614.80477
khm,2016,724.69665
khm,2017,811.69452
khm,2018,914.04777
khm,2019,1066.9453
khm,2020,1238.97523
kir,1980,82.29806
kir,1981,114.18
kir,1982,66.29833
kir,1983,100.22389
kir,1984,303.61111
kir,1985,117.46278
kir,1986,46.34667
kir,1987,55.80139
kir,1988,144.78028
kir,1989,141.34944
kir,1990,79.81694
kir,1991,79.99528
kir,1992,132.86583
kir,1993,83.33333
kir,1994,138.88889
kir,1995,207.18263
kir,1996,148.60802
kir,1997,174.63808
kir,1998,162.94543
kir,1999,243.76392
kir,2000,100
kir,2001,125.47327
kir,2002,95.62918
kir,2003,80.70713
kir,2004,68.76392
kir,2005,119.96102
kir,2006,175.55679
kir,2007,282.39143
kir,2008,209.29131
kir,2009,174.7216
kir,2010,108.40757
kir,2011,239.36526
kir,2012,161.91537
kir,2013,185.82962
kir,2014,282.43318
kir,2015,278.64699
kir,2016,292.67817
kir,2017,424.27617
kir,2018,227.89532
kir,2019,340.25612
kir,2020,258.10134
kna,1980,47.77402
kna,1981,49.10499
kna,1982,38.12324
kna,1983,37.29057
kna,1984,40.7783
kna,1985,41.23613
kna,1986,50.90229
kna,1987,56.65305
kna,1988,55.69834
kna,1989,57.9055
kna,1990,55.96409
kna,1991,55.61879
kna,1992,52.94126
kna,1993,54.62421
kna,1994,45.38004
kna,1995,58.31801
kna,1996,67.52612
kna,1997,125.84413
kna,1998,85.94234
kna,1999,85.94234
kna,2000,100
kna,2001,95.15044
kna,2002,119.7054
kna,2003,125.84413
kna,2004,123.5329
kna,2005,105.29778
kna,2006,121.87237
kna,2007,105.52184
kna,2008,157.05348
kna,2009,115.63541
kna,2010,98.25971
kna,2011,137.7717
kna,2012,141.19098
kna,2013,170.90861
kna,2014,174.47522
kna,2015,170.04305
kna,2016,156.78644
kna,2017,154.33095
kna,2018,166.43961
kna,2019,176.96755
kna,2020,159.92641
kor,1980,10.16562
kor,1981,12.34595
kor,1982,12.68554
kor,1983,14.19076
kor,1984,16.97655
kor,1985,17.57853
kor,1986,20.15186
kor,1987,27.44635
kor,1988,35.23368
kor,1989,36.20949
kor,1990,37.74141
kor,1991,41.72018
kor,1992,44.48414
kor,1993,47.73747
kor,1994,55.73511
kor,1995,72.59503
kor,1996,75.29837
kor,1997,79.04196
kor,1998,76.80649
kor,1999,83.40783
kor,2000,100
kor,2001,87.32846
kor,2002,94.31293
kor,2003,112.509
kor,2004,147.3547
kor,2005,165.10263
kor,2006,188.92946
kor,2007,215.64597
kor,2008,244.9714
kor,2009,211.02791
kor,2010,270.73165
kor,2011,322.29665
kor,2012,318.03353
kor,2013,324.86151
kor,2014,332.67417
kor,2015,305.77734
kor,2016,287.59023
kor,2017,333.02437
kor,2018,351.1155
kor,2019,314.76108
kor,2020,297.50043
kwt,1980,102.08891
kwt,1981,83.86499
kwt,1982,56.39535
kwt,1983,59.54929
kwt,1984,63.18172
kwt,1985,54.52254
kwt,1986,37.30706
kwt,1987,42.51904
kwt,1988,39.91562
kwt,1989,59.04507
kwt,1990,36.23173
kwt,1991,5.59786
kwt,1992,33.81354
kwt,1993,52.71661
kwt,1994,57.93373
kwt,1995,65.78
kwt,1996,76.60527
kwt,1997,73.18378
kwt,1998,49.1562
kwt,1999,62.58489
kwt,2000,100
kwt,2001,83.36592
kwt,2002,79.07491
kwt,2003,106.3902
kwt,2004,147.14447
kwt,2005,230.85254
kwt,2006,288.20796
kwt,2007,322.55174
kwt,2008,449.97439
kwt,2009,277.87662
kwt,2010,360.04297
kwt,2011,525.32751
kwt,2012,611.81226
kwt,2013,592.21814
kwt,2014,525.36865
kwt,2015,278.46377
kwt,2016,238.07859
kwt,2017,283.0586
kwt,2018,370.12878
kwt,2019,331.77039
kwt,2020,206.40007
lao,1980,8.47689
lao,1981,6.96316
lao,1982,12.10984
lao,1983,12.41258
lao,1984,13.32082
lao,1985,16.34828
lao,1986,16.6813
lao,1987,19.40601
lao,1988,17.55926
lao,1989,19.16382
lao,1990,23.8261
lao,1991,29.24525
lao,1992,40.14411
lao,1993,72.96176
lao,1994,90.97514
lao,1995,94.15398
lao,1996,97.72638
lao,1997,108.68578
lao,1998,111.86461
lao,1999,94.09343
lao,2000,100
lao,2001,96.73034
lao,2002,91.00845
lao,2003,101.56217
lao,2004,109.9997
lao,2005,167.44271
lao,2006,267.03097
lao,2007,279.34062
lao,2008,330.56825
lao,2009,318.69456
lao,2010,528.70637
lao,2011,662.8773
lao,2012,687.43604
lao,2013,685.39856
lao,2014,805.91566
lao,2015,1106.02313
lao,2016,1285.08812
lao,2017,1475.32803
lao,2018,1637.19536
lao,2019,1757.72668
lao,2020,1851.27123
lbn,1980,133.64494
lbn,1981,128.74696
lbn,1982,111.95387
lbn,1983,106.35618
lbn,1984,52.91556
lbn,1985,40.30256
lbn,1986,76.96829
lbn,1987,90.96252
lbn,1988,109.15503
lbn,1989,67.91402
lbn,1990,69.13152
lbn,1991,75.44292
lbn,1992,78.32573
lbn,1993,63.23463
lbn,1994,65.82874
lbn,1995,91.76985
lbn,1996,103.0527
lbn,1997,89.99132
lbn,1998,92.59901
lbn,1999,94.7197
lbn,2000,100
lbn,2001,152.95698
lbn,2002,173.24862
lbn,2003,253.71547
lbn,2004,307.73321
lbn,2005,327.04526
lbn,2006,393.79776
lbn,2007,500.15394
lbn,2008,623.3032
lbn,2009,585.93859
lbn,2010,702.65051
lbn,2011,792.63343
lbn,2012,785.77626
lbn,2013,723.45798
lbn,2014,636.51068
lbn,2015,557.18338
lbn,2016,549.99104
lbn,2017,563.37135
lbn,2018,535.95791
lbn,2019,675.78969
lbn,2020,571.59716
lbr,1980,182.4924
lbr,1981,160.83891
lbr,1982,145.11854
lbr,1983,129.9696
lbr,1984,137.42249
lbr,1985,132.40122
lbr,1986,124.12462
lbr,1987,116.17021
lbr,1988,120.46505
lbr,1989,139.85106
lbr,1990,670.75745
lbr,1991,233.43252
lbr,1992,289.28815
lbr,1993,207.90395
lbr,1994,189.5535
lbr,1995,249.24012
lbr,1996,191.48936
lbr,1997,130.69909
lbr,1998,129.17933
lbr,1999,142.55319
lbr,2000,100
lbr,2001,38.87538
lbr,2002,53.52584
lbr,2003,33.1003
lbr,2004,31.55015
lbr,2005,39.90881
lbr,2006,47.96353
lbr,2007,60.85106
lbr,2008,73.67781
lbr,2009,45.23708
lbr,2010,67.4772
lbr,2011,111.55015
lbr,2012,139.66565
lbr,2013,169.9696
lbr,2014,135.07599
lbr,2015,86.10942
lbr,2016,84.92401
lbr,2017,108.89362
lbr,2018,166.70213
lbr,2019,165.02432
lbr,2020,184.70517
lby,1980,172.66924
lby,1981,122.71259
lby,1982,110.20569
lby,1983,97.25747
lby,1984,87.85562
lby,1985,97.04468
lby,1986,60.76917
lby,1987,62.9364
lby,1988,52.58886
lby,1989,63.31468
lby,1990,104.22413
lby,1991,88.53338
lby,1992,85.05792
lby,1993,67.33391
lby,1994,61.98282
lby,1995,70.52823
lby,1996,77.82074
lby,1997,75.87974
lby,1998,47.40126
lby,1999,62.55992
lby,2000,100
lby,2001,86.55131
lby,2002,77.03491
lby,2003,115.10051
lby,2004,160.38789
lby,2005,246.42054
lby,2006,316.37854
lby,2007,369.10431
lby,2008,488.00038
lby,2009,290.37084
lby,2010,382.48408
lby,2011,149.77918
lby,2012,479.56056
lby,2013,361.62321
lby,2014,163.65694
lby,2015,89.52174
lby,2016,74.22949
lby,2017,148.24681
lby,2018,234.41306
lby,2019,202.20975
lby,2020,60.83109
lca,1980,134.43495
lca,1981,106.20891
lca,1982,104.90215
lca,1983,127.79045
lca,1984,110.25695
lca,1985,119.90767
lca,1986,191.22022
lca,1987,183.36304
lca,1988,274.66005
lca,1989,252.02748
lca,1990,293.53398
lca,1991,253.30957
lca,1992,286.019
lca,1993,275.85682
lca,1994,217.61029
lca,1995,253.48837
lca,1996,186.04651
lca,1997,141.86047
lca,1998,144.65116
lca,1999,129.53488
lca,2000,100
lca,2001,102.32558
lca,2002,102.32558
lca,2003,144.18605
lca,2004,185.53953
lca,2005,149.34884
lca,2006,218.01395
lca,2007,227.90698
lca,2008,381.44651
lca,2009,385.94419
lca,2010,498.87209
lca,2011,372.29716
lca,2012,424.26279
lca,2013,405.56977
lca,2014,373.43578
lca,2015,419.32791
lca,2016,278.26977
lca,2017,295.34884
lca,2018,144.66047
lca,2019,190.83488
lca,2020,128.3814
lka,1980,19.55556
lka,1981,20.03842
lka,1982,18.97786
lka,1983,19.57784
lka,1984,27.01702
lka,1985,24.55393
lka,1986,22.37444
lka,1987,25.64745
lka,1988,27.17594
lka,1989,28.44368
lka,1990,35.21363
lka,1991,36.58559
lka,1992,45.21387
lka,1993,52.64458
lka,1994,59.07182
lka,1995,69.93869
lka,1996,75.4144
lka,1997,85.4255
lka,1998,88.56297
lka,1999,84.60251
lka,2000,100
lka,2001,88.68967
lka,2002,86.53615
lka,2003,94.38286
lka,2004,106.01694
lka,2005,116.88013
lka,2006,126.80137
lka,2007,142.53863
lka,2008,155.65074
lka,2009,135.2628
lka,2010,158.41309
lka,2011,188.50239
lka,2012,172.73861
lka,2013,187.99411
lka,2014,208.05426
lka,2015,194.22044
lka,2016,189.85962
lka,2017,209.20892
lka,2018,218.95447
lka,2019,219.88262
lka,2020,185.0292
lso,1980,26.36032
lso,1981,22.84991
lso,1982,16.31664
lso,1983,13.49832
lso,1984,12.39795
lso,1985,10.15259
lso,1986,11.58373
lso,1987,21.15568
lso,1988,29.17627
lso,1989,30.15209
lso,1990,28.03368
lso,1991,30.53764
lso,1992,49.66818
lso,1993,60.12364
lso,1994,65.19773
lso,1995,72.56485
lso,1996,84.69154
lso,1997,88.45601
lso,1998,87.73873
lso,1999,78.11459
lso,2000,100
lso,2001,126.87193
lso,2002,162.19262
lso,2003,215.48427
lso,2004,320.80473
lso,2005,294.78375
lso,2006,314.29665
lso,2007,348.63092
lso,2008,400.57364
lso,2009,332.65185
lso,2010,397.6787
lso,2011,531.12486
lso,2012,440.58769
lso,2013,383.81477
lso,2014,374.44539
lso,2015,420.76699
lso,2016,399.3443
lso,2017,465.59913
lso,2018,553.31657
lso,2019,481.76941
lso,2020,402.27962
ltu,1995,71.01234
ltu,1996,88.0763
ltu,1997,101.33369
ltu,1998,97.39585
ltu,1999,78.85726
ltu,2000,100
ltu,2001,120.31407
ltu,2002,143.73108
ltu,2003,188.01863
ltu,2004,244.18708
ltu,2005,309.94915
ltu,2006,371.24942
ltu,2007,450.07128
ltu,2008,620.76552
ltu,2009,431.9593
ltu,2010,544.68633
ltu,2011,736.37511
ltu,2012,777.3633
ltu,2013,856.07777
ltu,2014,848.43687
ltu,2015,666.60929
ltu,2016,656.55733
ltu,2017,784.96111
ltu,2018,875.16979
ltu,2019,870.29976
ltu,2020,860.21852
lux,1995,92.73781
lux,1996,86.27883
lux,1997,83.75119
lux,1998,94.79449
lux,1999,98.24687
lux,2000,100
lux,2001,116.77162
lux,2002,122.22124
lux,2003,159.10901
lux,2004,194.43916
lux,2005,224.92214
lux,2006,274.05224
lux,2007,267.91711
lux,2008,307.44966
lux,2009,255.33382
lux,2010,236.30464
lux,2011,249.68034
lux,2012,225.35515
lux,2013,220.9256
lux,2014,228.53296
lux,2015,205.08286
lux,2016,189.01104
lux,2017,188.58909
lux,2018,196.38323
lux,2019,196.85368
lux,2020,165.15826
lva,1995,69.84225
lva,1996,77.24457
lva,1997,89.46527
lva,1998,96.93075
lva,1999,92.21913
lva,2000,100
lva,2001,107.07751
lva,2002,122.2995
lva,2003,154.80693
lva,2004,214.56996
lva,2005,276.23117
lva,2006,329.40404
lva,2007,444.66081
lva,2008,542.91676
lva,2009,412.20877
lva,2010,510.17498
lva,2011,702.73307
lva,2012,755.24981
lva,2013,774.80864
lva,2014,787.52348
lva,2015,657.57005
lva,2016,657.94973
lva,2017,756.03091
lva,2018,865.19119
lva,2019,840.51341
lva,2020,867.0759
mac,1980,24.05939
mac,1981,26.93608
mac,1982,28.34678
mac,1983,29.97457
mac,1984,35.85804
mac,1985,35.57844
mac,1986,41.07095
mac,1987,55.05429
mac,1988,59.10155
mac,1989,64.52374
mac,1990,66.78992
mac,1991,66.32212
mac,1992,70.13649
mac,1993,70.55522
mac,1994,73.51716
mac,1995,78.65301
mac,1996,78.61363
mac,1997,84.60024
mac,1998,84.32454
mac,1999,86.64829
mac,2000,100
mac,2001,90.58685
mac,2002,92.79244
mac,2003,101.65419
mac,2004,110.75226
mac,2005,97.51871
mac,2006,100.71997
mac,2007,100.14455
mac,2008,78.66916
mac,2009,37.84963
mac,2010,34.25735
mac,2011,34.24364
mac,2012,40.22489
mac,2013,44.8323
mac,2014,48.89067
mac,2015,52.73824
mac,2016,49.49204
mac,2017,55.36916
mac,2018,59.48724
mac,2019,62.45077
mac,2020,53.30705
mar,1980,35.07034
mar,1981,34.27434
mar,1982,29.62444
mar,1983,28.81794
mar,1984,31.18973
mar,1985,31.10224
mar,1986,34.9501
mar,1987,40.32604
mar,1988,52.08353
mar,1989,47.93184
mar,1990,61.27085
mar,1991,61.54868
mar,1992,57.07491
mar,1993,43.88027
mar,1994,79.81011
mar,1995,92.592
mar,1996,92.58944
mar,1997,94.62582
mar,1998,96.24359
mar,1999,100.95634
mar,2000,100
mar,2001,96.12692
mar,2002,105.61313
mar,2003,118.11784
mar,2004,133.54764
mar,2005,150.56548
mar,2006,171.47561
mar,2007,206.41057
mar,2008,273.75247
mar,2009,189.10977
mar,2010,239.11539
mar,2011,291.36668
mar,2012,288.56512
mar,2013,295.64089
mar,2014,321.85217
mar,2015,300.52185
mar,2016,304.91898
mar,2017,340.04493
mar,2018,384.9529
mar,2019,391.98483
mar,2020,365.44635
mda,1995,157.83898
mda,1996,168.4322
mda,1997,185.38136
mda,1998,133.47458
mda,1999,98.51695
mda,2000,100
mda,2001,120.33898
mda,2002,136.44068
mda,2003,167.37288
mda,2004,208.72309
mda,2005,231.14407
mda,2006,222.79682
mda,2007,284.27924
mda,2008,337.16441
mda,2009,271.81801
mda,2010,326.58614
mda,2011,469.66102
mda,2012,458.02966
mda,2013,514.47034
mda,2014,495.65678
mda,2015,416.69492
mda,2016,433.17797
mda,2017,513.77119
mda,2018,573.32627
mda,2019,588.81356
mda,2020,526.50424
mdg,1980,48.7399
mdg,1981,38.51194
mdg,1982,37.78841
mdg,1983,36.08047
mdg,1984,40.33544
mdg,1985,33.28724
mdg,1986,38.03837
mdg,1987,40.18868
mdg,1988,33.74989
mdg,1989,39.00651
mdg,1990,38.55734
mdg,1991,40.68021
mdg,1992,39.65732
mdg,1993,40.61429
mdg,1994,54.64454
mdg,1995,61.52913
mdg,1996,61.77184
mdg,1997,62.62136
mdg,1998,65.29126
mdg,1999,70.87379
mdg,2000,100
mdg,2001,112.62136
mdg,2002,58.98058
mdg,2003,103.8835
mdg,2004,120.34138
mdg,2005,103.71857
mdg,2006,119.5699
mdg,2007,150.20437
mdg,2008,158.94964
mdg,2009,127.66833
mdg,2010,139.49878
mdg,2011,192.96116
mdg,2012,183.96978
mdg,2013,233.32609
mdg,2014,266.5165
mdg,2015,248.58495
mdg,2016,273.50927
mdg,2017,345.6818
mdg,2018,377.44029
mdg,2019,327.16723
mdg,2020,241.19515
mdv,1980,7.15547
mdv,1981,7.95676
mdv,1982,9.0138
mdv,1983,12.30819
mdv,1984,16.21435
mdv,1985,21.17939
mdv,1986,28.70285
mdv,1987,36.61454
mdv,1988,49.954
mdv,1989,58.60166
mdv,1990,71.75713
mdv,1991,70.1012
mdv,1992,59.8896
mdv,1993,48.50046
mdv,1994,69.36596
mdv,1995,78.19687
mdv,1996,73.50506
mdv,1997,85.55658
mdv,1998,87.94848
mdv,1999,84.17663
mdv,2000,100
mdv,2001,101.19595
mdv,2002,121.43514
mdv,2003,139.83441
mdv,2004,166.51334
mdv,2005,148.66605
mdv,2006,207.17571
mdv,2007,209.75161
mdv,2008,304.87581
mdv,2009,155.47378
mdv,2010,181.69273
mdv,2011,318.67525
mdv,2012,289.23643
mdv,2013,304.47574
mdv,2014,276.81693
mdv,2015,220.52386
mdv,2016,235.69457
mdv,2017,292.86109
mdv,2018,312.07912
mdv,2019,331.82153
mdv,2020,262.94388
mex,1980,10.83809
mex,1981,14.00963
mex,1982,14.45912
mex,1983,15.59997
mex,1984,17.49175
mex,1985,16.0833
mex,1986,13.10578
mex,1987,16.58953
mex,1988,18.44801
mex,1989,21.14067
mex,1990,24.47048
mex,1991,25.65875
mex,1992,27.76723
mex,1993,31.18768
mex,1994,36.59512
mex,1995,47.81064
mex,1996,57.70322
mex,1997,66.37755
mex,1998,70.60252
mex,1999,81.98151
mex,2000,100
mex,2001,95.29898
mex,2002,96.58228
mex,2003,99.41575
mex,2004,112.99074
mex,2005,128.75493
mex,2006,150.24557
mex,2007,163.38552
mex,2008,175.07262
mex,2009,138.07483
mex,2010,179.30436
mex,2011,210.11796
mex,2012,222.8613
mex,2013,228.41836
mex,2014,238.57454
mex,2015,228.74005
mex,2016,224.77175
mex,2017,246.10056
mex,2018,270.91334
mex,2019,276.91852
mex,2020,251.05206
mhl,1995,252.86059
mhl,1996,207.39807
mhl,1997,172.91758
mhl,1998,63.28365
mhl,1999,83.97633
mhl,2000,100
mhl,2001,139.90574
mhl,2002,156.31302
mhl,2003,166.6484
mhl,2004,216.80184
mhl,2005,277.93731
mhl,2006,196.18588
mhl,2007,200.56993
mhl,2008,221.39413
mhl,2009,227.97019
mhl,2010,354.0114
mhl,2011,549.10127
mhl,2012,1170.41868
mhl,2013,712.40684
mhl,2014,602.80579
mhl,2015,569.12538
mhl,2016,395.11179
mhl,2017,438.40421
mhl,2018,449.36431
mhl,2019,602.80579
mhl,2020,482.24463
mkd,1995,91.03522
mkd,1996,86.75508
mkd,1997,93.51212
mkd,1998,99.09725
mkd,1999,90.06895
mkd,2000,100
mkd,2001,87.55349
mkd,2002,84.34244
mkd,2003,103.35471
mkd,2004,126.70911
mkd,2005,154.31492
mkd,2006,181.53362
mkd,2007,256.93457
mkd,2008,301.72249
mkd,2009,204.78202
mkd,2010,253.39319
mkd,2011,338.59408
mkd,2012,303.59461
mkd,2013,325.01941
mkd,2014,375.66478
mkd,2015,342.93004
mkd,2016,362.19409
mkd,2017,428.55431
mkd,2018,522.50345
mkd,2019,543.53279
mkd,2020,501.63746
mli,1980,37.2916
mli,1981,28.09104
mli,1982,26.47854
mli,1983,29.98365
mli,1984,24.09911
mli,1985,22.46444
mli,1986,38.46942
mli,1987,32.51167
mli,1988,38.96478
mli,1989,44.85895
mli,1990,65.17011
mli,1991,56.70215
mli,1992,62.25827
mli,1993,86.79534
mli,1994,60.8385
mli,1995,80.91743
mli,1996,79.44954
mli,1997,102.93578
mli,1998,102.01835
mli,1999,104.77064
mli,2000,100
mli,2001,133.02752
mli,2002,160.36697
mli,2003,170.27523
mli,2004,179.16202
mli,2005,202.00367
mli,2006,284.40367
mli,2007,285.55083
mli,2008,384.79229
mli,2009,325.44312
mli,2010,366.28642
mli,2011,435.68752
mli,2012,478.97009
mli,2013,429.15083
mli,2014,509.33651
mli,2015,498.47948
mli,2016,518.55049
mli,2017,531.42312
mli,2018,657.52789
mli,2019,674.36422
mli,2020,719.90771
mlt,1995,78.03811
mlt,1996,70.57861
mlt,1997,66.44161
mlt,1998,74.75476
mlt,1999,80.62782
mlt,2000,100
mlt,2001,74.2669
mlt,2002,82.66036
mlt,2003,91.82069
mlt,2004,102.60846
mlt,2005,97.79436
mlt,2006,113.9648
mlt,2007,125.46155
mlt,2008,141.92454
mlt,2009,116.48908
mlt,2010,146.18677
mlt,2011,178.78446
mlt,2012,173.26865
mlt,2013,148.09994
mlt,2014,119.40613
mlt,2015,106.28461
mlt,2016,129.87763
mlt,2017,116.52764
mlt,2018,130.13742
mlt,2019,122.58538
mlt,2020,109.26254
mmr,1980,28.95722
mmr,1981,28.29216
mmr,1982,24.01167
mmr,1983,23.20453
mmr,1984,18.44844
mmr,1985,18.59215
mmr,1986,17.65838
mmr,1987,13.42839
mmr,1988,10.15635
mmr,1989,12.90199
mmr,1990,19.93996
mmr,1991,25.7265
mmr,1992,32.62095
mmr,1993,35.978
mmr,1994,48.77007
mmr,1995,52.53813
mmr,1996,46.0656
mmr,1997,53.46785
mmr,1998,65.74742
mmr,1999,69.41185
mmr,2000,100
mmr,2001,145.54152
mmr,2002,186.0743
mmr,2003,151.73655
mmr,2004,145.38474
mmr,2005,233.08974
mmr,2006,280.16319
mmr,2007,385.92802
mmr,2008,424.78197
mmr,2009,411.16303
mmr,2010,534.57847
mmr,2011,570.18955
mmr,2012,547.89991
mmr,2013,693.30996
mmr,2014,706.88261
mmr,2015,705.40746
mmr,2016,730.25053
mmr,2017,856.62616
mmr,2018,1030.97823
mmr,2019,1110.80319
mmr,2020,1030.2314
mng,1980,75.1731
mng,1981,87.49044
mng,1982,104.82802
mng,1983,113.80475
mng,1984,125.86081
mng,1985,128.60422
mng,1986,133.64313
mng,1987,133.97906
mng,1988,137.93554
mng,1989,134.65092
mng,1990,123.30403
mng,1991,64.94597
mng,1992,73.43747
mng,1993,67.35345
mng,1994,65.91643
mng,1995,88.3352
mng,1996,78.94737
mng,1997,106.10302
mng,1998,86.2262
mng,1999,84.77044
mng,2000,100
mng,2001,97.23778
mng,2002,97.79769
mng,2003,114.94961
mng,2004,162.31803
mng,2005,198.7682
mng,2006,287.94326
mng,2007,352.55692
mng,2008,473.92684
mng,2009,355.09518
mng,2010,541.09742
mng,2011,899.12281
mng,2012,818.3464
mng,2013,797.44308
mng,2014,1077.75289
mng,2015,871.46323
mng,2016,917.56252
mng,2017,1157.26017
mng,2018,1308.65995
mng,2019,1422.13513
mng,2020,1414.01642
mnp,1995,42.52458
mnp,1996,55.37384
mnp,1997,80.10875
mnp,1998,106.66411
mnp,1999,104.47286
mnp,2000,100
mnp,2001,94.25192
mnp,2002,81.12203
mnp,2003,82.39921
mnp,2004,81.21927
mnp,2005,67.94494
mnp,2006,50.04916
mnp,2007,32.35005
mnp,2008,11.30777
mnp,2009,0.88496
mnp,2010,0.49164
mnp,2011,0.19666
mnp,2012,0.39331
mnp,2013,0.39331
mnp,2014,0.19666
mnp,2015,0.19666
mnp,2016,0.58997
mnp,2017,0.53884
mnp,2018,0.52704
mnp,2019,0.50836
mnp,2020,0.3294
moz,1980,77.13434
moz,1981,77.14176
moz,1982,62.95385
moz,1983,36.14615
moz,1984,26.27975
moz,1985,21.04396
moz,1986,21.73077
moz,1987,26.64835
moz,1988,28.2967
moz,1989,28.84615
moz,1990,34.61538
moz,1991,44.50549
moz,1992,38.18681
moz,1993,36.26374
moz,1994,43.13049
moz,1995,46.15385
moz,1996,59.61538
moz,1997,60.98901
moz,1998,63.18681
moz,1999,72.25275
moz,2000,100
moz,2001,193.13187
moz,2002,222.52747
moz,2003,287.08791
moz,2004,413.14451
moz,2005,489.83379
moz,2006,654.15852
moz,2007,662.65907
moz,2008,728.91758
moz,2009,589.88159
moz,2010,824.17582
moz,2011,990.14231
moz,2012,1059.21374
moz,2013,1105.4945
moz,2014,1214.43132
moz,2015,937.71181
moz,2016,914.35055
moz,2017,1298.15989
moz,2018,1377.00192
moz,2019,1282.66896
moz,2020,985.85167
mrt,1980,54.19784
mrt,1981,72.76796
mrt,1982,65.14727
mrt,1983,81.2581
mrt,1984,81.5629
mrt,1985,104.47913
mrt,1986,97.52971
mrt,1987,119.41656
mrt,1988,98.85383
mrt,1989,122.10361
mrt,1990,124.7647
mrt,1991,122.53177
mrt,1992,118.62415
mrt,1993,118.06592
mrt,1994,135.92932
mrt,1995,137.70641
mrt,1996,138.45802
mrt,1997,121.046
mrt,1998,109.07547
mrt,1999,100.9197
mrt,2000,100
mrt,2001,100.1915
mrt,2002,93.54121
mrt,2003,89.77835
mrt,2004,123.98363
mrt,2005,176.29755
mrt,2006,385.41449
mrt,2007,410.07302
mrt,2008,504.15855
mrt,2009,384.71843
mrt,2010,584.7912
mrt,2011,775.30311
mrt,2012,744.83249
mrt,2013,747.94611
mrt,2014,545.84272
mrt,2015,391.61656
mrt,2016,395.03502
mrt,2017,561.08114
mrt,2018,578.68664
mrt,2019,639.21471
mrt,2020,798.20008
mus,1980,27.91806
mus,1981,21.30644
mus,1982,23.52591
mus,1983,23.52161
mus,1984,23.91232
mus,1985,28.2529
mus,1986,43.39249
mus,1987,56.50388
mus,1988,64.02198
mus,1989,63.29233
mus,1990,76.6495
mus,1991,76.66234
mus,1992,83.62698
mus,1993,83.39647
mus,1994,86.47267
mus,1995,98.78484
mus,1996,115.72832
mus,1997,102.25883
mus,1998,105.66731
mus,1999,102.00514
mus,2000,100
mus,2001,104.54978
mus,2002,115.70006
mus,2003,121.90751
mus,2004,128.00963
mus,2005,137.6553
mus,2006,149.57219
mus,2007,143.73134
mus,2008,153.11124
mus,2009,124.50437
mus,2010,145.24695
mus,2011,164.73988
mus,2012,170.14226
mus,2013,184.24939
mus,2014,198.70743
mus,2015,170.95855
mus,2016,151.5338
mus,2017,150.39525
mus,2018,151.94065
mus,2019,142.76923
mus,2020,115.05771
mwi,1980,77.84573
mwi,1981,74.59716
mwi,1982,62.87764
mwi,1983,60.27989
mwi,1984,82.88886
mwi,1985,64.73309
mwi,1986,64.77764
mwi,1987,72.9249
mwi,1988,75.9328
mwi,1989,70.37117
mwi,1990,109.89649
mwi,1991,123.68973
mwi,1992,104.44425
mwi,1993,84.36184
mwi,1994,90.19024
mwi,1995,106.85784
mwi,1996,126.73186
mwi,1997,141.5362
mwi,1998,113.68457
mwi,1999,119.36252
mwi,2000,100
mwi,2001,118.38407
mwi,2002,107.34377
mwi,2003,138.49143
mwi,2004,127.40473
mwi,2005,134.14919
mwi,2006,176.23591
mwi,2007,229.00568
mwi,2008,231.75831
mwi,2009,313.20813
mwi,2010,281.11708
mwi,2011,375.79402
mwi,2012,311.89852
mwi,2013,318.49903
mwi,2014,361.09181
mwi,2015,284.78119
mwi,2016,269.50279
mwi,2017,233.03785
mwi,2018,232.0155
mwi,2019,240.67887
mwi,2020,202.23512
mys,1980,13.1781
mys,1981,11.98201
mys,1982,12.24731
mys,1983,14.3585
mys,1984,16.78009
mys,1985,15.59195
mys,1986,13.93643
mys,1987,18.28138
mys,1988,21.46201
mys,1989,25.49891
mys,1990,29.98333
mys,1991,34.96934
mys,1992,41.50754
mys,1993,47.98069
mys,1994,59.906
mys,1995,75.24755
mys,1996,79.73914
mys,1997,80.15529
mys,1998,74.57638
mys,1999,86.14656
mys,2000,100
mys,2001,89.55542
mys,2002,95.75635
mys,2003,106.59417
mys,2004,128.92881
mys,2005,144.17889
mys,2006,163.64689
mys,2007,179.13813
mys,2008,203.00959
mys,2009,160.07901
mys,2010,202.19279
mys,2011,232.19823
mys,2012,231.63999
mys,2013,232.44737
mys,2014,238.14484
mys,2015,203.55646
mys,2016,193.1637
mys,2017,222.06253
mys,2018,251.9165
mys,2019,242.48963
mys,2020,238.34824
nam,1990,82.21796
nam,1991,91.90149
nam,1992,101.59183
nam,1993,93.90454
nam,1994,99.08746
nam,1995,106.73311
nam,1996,107.35863
nam,1997,101.35177
nam,1998,93.3146
nam,1999,93.44864
nam,2000,100
nam,2001,89.28504
nam,2002,81.15169
nam,2003,95.57058
nam,2004,138.35773
nam,2005,156.75999
nam,2006,200.43014
nam,2007,221.25272
nam,2008,237.83028
nam,2009,238.26867
nam,2010,304.85032
nam,2011,333.71741
nam,2012,332.36215
nam,2013,350.5454
nam,2014,349.26883
nam,2015,307.99711
nam,2016,309.28382
nam,2017,396.0167
nam,2018,567.08464
nam,2019,473.7747
nam,2020,424.10097
ncl,1980,67.54981
ncl,1981,57.12264
ncl,1982,44.32457
ncl,1983,25.43453
ncl,1984,34.30898
ncl,1985,44.32754
ncl,1986,34.41266
ncl,1987,36.97954
ncl,1988,77.44207
ncl,1989,110.86962
ncl,1990,79.18761
ncl,1991,73.68007
ncl,1992,67.71045
ncl,1993,58.56854
ncl,1994,92.16613
ncl,1995,93.27804
ncl,1996,88.25605
ncl,1997,89.64597
ncl,1998,62.37362
ncl,1999,76.74669
ncl,2000,100
ncl,2001,73.13659
ncl,2002,81.22619
ncl,2003,129.59869
ncl,2004,170.61742
ncl,2005,180.46213
ncl,2006,223.17439
ncl,2007,347.38013
ncl,2008,214.56524
ncl,2009,163.97998
ncl,2010,246.41317
ncl,2011,274.47418
ncl,2012,218.93577
ncl,2013,201.8654
ncl,2014,263.40282
ncl,2015,201.18818
ncl,2016,219.52202
ncl,2017,257.70856
ncl,2018,318.39542
ncl,2019,280.70663
ncl,2020,274.86165
ner,1980,199.88693
ner,1981,160.70526
ner,1982,117.33689
ner,1983,105.60854
ner,1984,91.4001
ner,1985,91.65521
ner,1986,111.87146
ner,1987,110.35387
ner,1988,101.95219
ner,1989,86.07282
ner,1990,99.84948
ner,1991,108.49884
ner,1992,117.73864
ner,1993,101.3236
ner,1994,79.61486
ner,1995,101.79354
ner,1996,114.86635
ner,1997,95.9518
ner,1998,117.9888
ner,1999,101.34728
ner,2000,100
ner,2001,96.10798
ner,2002,98.58135
ner,2003,124.37503
ner,2004,154.40878
ner,2005,172.78236
ner,2006,179.47671
ner,2007,234.36426
ner,2008,321.53773
ner,2009,353.33816
ner,2010,406.33889
ner,2011,441.6727
ner,2012,512.34034
ner,2013,560.00283
ner,2014,510.39768
ner,2015,384.25413
ner,2016,364.47561
ner,2017,426.00076
ner,2018,424.85691
ner,2019,397.83718
ner,2020,352.54872
nga,1980,122.4804
nga,1981,84.24011
nga,1982,57.50449
nga,1983,48.9421
nga,1984,55.96014
nga,1985,61.92028
nga,1986,24.00586
nga,1987,35.70417
nga,1988,32.46907
nga,1989,37.17295
nga,1990,64.56503
nga,1991,57.92009
nga,1992,56.13488
nga,1993,54.73694
nga,1994,53.45707
nga,1995,58.84148
nga,1996,77.01359
nga,1997,72.50203
nga,1998,46.98403
nga,1999,66.05769
nga,2000,100
nga,2001,86.03099
nga,2002,85.69726
nga,2003,114.56973
nga,2004,184.1764
nga,2005,240.60548
nga,2006,279.98093
nga,2007,317.54923
nga,2008,411.31585
nga,2009,270.52157
nga,2010,400.47676
nga,2011,553.03933
nga,2012,546.84148
nga,2013,431.72857
nga,2014,491.53744
nga,2015,239.40989
nga,2016,158.77129
nga,2017,212.00559
nga,2018,288.6607
nga,2019,298.12338
nga,2020,169.88579
nic,1980,70.10685
nic,1981,79.06798
nic,1982,63.09352
nic,1983,66.71064
nic,1984,59.99913
nic,1985,46.90592
nic,1986,38.45352
nic,1987,42.44091
nic,1988,36.20235
nic,1989,48.33721
nic,1990,51.43316
nic,1991,42.37868
nic,1992,34.70883
nic,1993,41.53858
nic,1994,52.06246
nic,1995,52.91574
nic,1996,52.95878
nic,1997,65.48989
nic,1998,65.08846
nic,1999,62.01351
nic,2000,100
nic,2001,101.66932
nic,2002,103.83829
nic,2003,119.91824
nic,2004,155.46218
nic,2005,187.84124
nic,2006,219.40722
nic,2007,248.26255
nic,2008,287.45174
nic,2009,271.474
nic,2010,369.16875
nic,2011,469.28231
nic,2012,532.14854
nic,2013,544.35612
nic,2014,582.06677
nic,2015,549.55144
nic,2016,543.01953
nic,2017,587.05508
nic,2018,569.37406
nic,2019,598.74551
nic,2020,577.71383
nld,1995,87.37201
nld,1996,89.74807
nld,1997,89.37556
nld,1998,91.91978
nld,1999,94.079
nld,2000,100
nld,2001,99.26932
nld,2002,104.94697
nld,2003,127.28751
nld,2004,153.69204
nld,2005,174.7432
nld,2006,199.36415
nld,2007,236.82874
nld,2008,274.30949
nld,2009,214.09686
nld,2010,246.93231
nld,2011,286.85856
nld,2012,281.81565
nld,2013,288.7851
nld,2014,289.1415
nld,2015,245.29415
nld,2016,245.36505
nld,2017,280.39306
nld,2018,312.48535
nld,2019,304.70151
nld,2020,290.19907
nld_curacao,2011,46.2
nld_curacao,2012,47.1896
nld_curacao,2013,34.91608
nld_curacao,2014,34.94326
nld_curacao,2015,23.20508
nld_curacao,2016,20.85615
nld_curacao,2017,21.16028
nld_curacao,2018,29.16924
nld_curacao,2019,19.81533
nld_curacao,2020,13.4883
nor,1995,69.91926
nor,1996,82.66234
nor,1997,80.82477
nor,1998,67.26714
nor,1999,75.68555
nor,2000,100
nor,2001,98.55689
nor,2002,99.34113
nor,2003,113.75894
nor,2004,137.41285
nor,2005,172.76592
nor,2006,203.48484
nor,2007,227.03882
nor,2008,285.99887
nor,2009,194.44319
nor,2010,217.55211
nor,2011,267.09285
nor,2012,267.99735
nor,2013,259.78618
nor,2014,240.89633
nor,2015,173.02521
nor,2016,147.20812
nor,2017,168.26184
nor,2018,202.7898
nor,2019,171.16636
nor,2020,140.62998
npl,1980,9.98827
npl,1981,17.49494
npl,1982,10.90311
npl,1983,11.60419
npl,1984,15.84921
npl,1985,19.87994
npl,1986,17.60433
npl,1987,18.73804
npl,1988,23.80228
npl,1989,19.80933
npl,1990,25.34919
npl,1991,31.88998
npl,1992,45.69989
npl,1993,47.73608
npl,1994,45.04304
npl,1995,42.91045
npl,1996,47.88557
npl,1997,50.49751
npl,1998,58.95522
npl,1999,74.87562
npl,2000,100
npl,2001,91.66667
npl,2002,70.64677
npl,2003,82.33831
npl,2004,95.99453
npl,2005,107.36866
npl,2006,104.21119
npl,2007,108.00995
npl,2008,116.76169
npl,2009,102.31294
npl,2010,106.43756
npl,2011,114.33122
npl,2012,113.3092
npl,2013,109.29502
npl,2014,110.56667
npl,2015,89.63545
npl,2016,86.56082
npl,2017,92.31766
npl,2018,97.78545
npl,2019,120.36741
npl,2020,106.45896
nru,1980,232.14286
nru,1981,275
nru,1982,389.28571
nru,1983,335.71429
nru,1984,235.71429
nru,1985,225
nru,1986,196.42857
nru,1987,214.28571
nru,1988,260.71429
nru,1989,285.71429
nru,1990,215.39179
nru,1991,119.73464
nru,1992,188.13964
nru,1993,151.13036
nru,1994,113.82893
nru,1995,97.43448
nru,1996,103.44828
nru,1997,87.22759
nru,1998,70.22069
nru,1999,124.71034
nru,2000,100
nru,2001,48.27586
nru,2002,31.03448
nru,2003,51.72414
nru,2004,44.82759
nru,2005,10.34483
nru,2006,13.7931
nru,2007,51.72414
nru,2008,379.31034
nru,2009,86.2069
nru,2010,172.41379
nru,2011,241.37931
nru,2012,327.58621
nru,2013,168.96552
nru,2014,77.24138
nru,2015,36.94138
nru,2016,62.06897
nru,2017,50.01379
nru,2018,30.33103
nru,2019,65.51724
nru,2020,206.89655
nzl,1995,102.61234
nzl,1996,108.00361
nzl,1997,106.95979
nzl,1998,90.87247
nzl,1999,93.8072
nzl,2000,100
nzl,2001,103.25306
nzl,2002,108.16379
nzl,2003,124.28721
nzl,2004,152.99201
nzl,2005,163.41582
nzl,2006,168.52268
nzl,2007,202.62106
nzl,2008,229.97022
nzl,2009,187.49945
nzl,2010,236.10858
nzl,2011,283.2773
nzl,2012,280.54202
nzl,2013,296.63483
nzl,2014,313.00875
nzl,2015,258.35984
nzl,2016,253.85295
nzl,2017,286.33699
nzl,2018,298.34742
nzl,2019,297.17723
nzl,2020,292.6785
omn,1980,21.09068
omn,1981,28.37445
omn,1982,26.49029
omn,1983,27.16202
omn,1984,27.10309
omn,1985,34.79291
omn,1986,16.21517
omn,1987,22.01058
omn,1988,21.87249
omn,1989,35.93748
omn,1990,48.66724
omn,1991,43.05833
omn,1992,49.06481
omn,1993,47.44712
omn,1994,48.98892
omn,1995,53.61211
omn,1996,64.90114
omn,1997,67.41267
omn,1998,48.66724
omn,1999,63.94757
omn,2000,100
omn,2001,97.83896
omn,2002,98.70214
omn,2003,103.09314
omn,2004,117.87235
omn,2005,165.14233
omn,2006,190.70556
omn,2007,218.15419
omn,2008,333.24793
omn,2009,244.30137
omn,2010,323.37303
omn,2011,416.05683
omn,2012,460.6409
omn,2013,490.31798
omn,2014,448.09715
omn,2015,282.07125
omn,2016,265.1706
omn,2017,290.70775
omn,2018,368.95885
omn,2019,342.12271
omn,2020,279.93745
pak,1980,29.00334
pak,1981,31.92989
pak,1982,26.54699
pak,1983,34.07731
pak,1984,28.3363
pak,1985,30.34737
pak,1986,37.47861
pak,1987,46.20953
pak,1988,50.08989
pak,1989,52.1621
pak,1990,61.9042
pak,1991,72.30891
pak,1992,81.04514
pak,1993,74.08139
pak,1994,81.58358
pak,1995,88.51953
pak,1996,103.24456
pak,1997,96.5544
pak,1998,94.08154
pak,1999,93.30408
pak,2000,100
pak,2001,102.32576
pak,2002,109.80247
pak,2003,132.144
pak,2004,148.19401
pak,2005,177.79073
pak,2006,187.52818
pak,2007,197.5791
pak,2008,225.11113
pak,2009,194.09661
pak,2010,237.14476
pak,2011,281.15325
pak,2012,272.12271
pak,2013,278.25352
pak,2014,273.93861
pak,2015,244.67287
pak,2016,225.686
pak,2017,238.91148
pak,2018,259.46967
pak,2019,258.40632
pak,2020,243.25351
pan,1980,41.94699
pan,1981,38.17689
pan,1982,43.63053
pan,1983,37.28812
pan,1984,32.11534
pan,1985,39.11616
pan,1986,40.55514
pan,1987,41.61715
pan,1988,35.70417
pan,1989,36.98422
pan,1990,39.56828
pan,1991,41.7043
pan,1992,58.35074
pan,1993,64.36203
pan,1994,67.86337
pan,1995,72.73481
pan,1996,72.48409
pan,1997,84.09259
pan,1998,91.22884
pan,1999,95.65037
pan,2000,100
pan,2001,105.99198
pan,2002,98.42943
pan,2003,100.5516
pan,2004,109.79524
pan,2005,820.24528
pan,2006,934.72197
pan,2007,1026.24843
pan,2008,1142.1328
pan,2009,1246.85276
pan,2010,1278.25664
pan,2011,1693.40697
pan,2012,1886.56415
pan,2013,1706.45923
pan,2014,1507.85016
pan,2015,1320.28914
pan,2016,1302.49494
pan,2017,1290.60045
pan,2018,1335.70906
pan,2019,1316.84737
pan,2020,1103.26551
per,1980,56.05105
per,1981,46.80147
per,1982,46.85754
per,1983,43.35354
per,1984,45.25005
per,1985,42.82586
per,1986,36.38581
per,1987,38.25786
per,1988,38.83587
per,1989,50.15162
per,1990,46.45509
per,1991,47.8669
per,1992,50.10015
per,1993,48.66289
per,1994,63.61146
per,1995,78.95738
per,1996,84.51071
per,1997,98.12574
per,1998,82.77282
per,1999,87.52841
per,2000,100
per,2001,101.01827
per,2002,110.91301
per,2003,130.70953
per,2004,184.17205
per,2005,249.71854
per,2006,342.63707
per,2007,403.94139
per,2008,445.99486
per,2009,387.66456
per,2010,514.78856
per,2011,666.80894
per,2012,681.68541
per,2013,616.26443
per,2014,568.41401
per,2015,494.83027
per,2016,533.17728
per,2017,653.09256
per,2018,705.51596
per,2019,685.70262
per,2020,609.79941
phl,1980,14.43116
phl,1981,14.21363
phl,1982,12.48956
phl,1983,12.29153
phl,1984,13.25576
phl,1985,11.59133
phl,1986,12.07981
phl,1987,14.26866
phl,1988,17.6499
phl,1989,19.52261
phl,1990,20.40268
phl,1991,22.12267
phl,1992,24.50936
phl,1993,27.97426
phl,1994,33.44167
phl,1995,45.96272
phl,1996,53.59385
phl,1997,65.34439
phl,1998,77.24672
phl,1999,96.05562
phl,2000,100
phl,2001,84.43193
phl,2002,92.46223
phl,2003,95.14881
phl,2004,104.20784
phl,2005,108.34186
phl,2006,124.50708
phl,2007,132.53159
phl,2008,128.88602
phl,2009,100.93899
phl,2010,135.23731
phl,2011,126.8572
phl,2012,136.82089
phl,2013,148.89865
phl,2014,163.08523
phl,2015,154.49039
phl,2016,150.7583
phl,2017,180.45183
phl,2018,182.01316
phl,2019,186.26639
phl,2020,167.46251
plw,1995,121.6545
plw,1996,112.96489
plw,1997,121.6545
plw,1998,96.4025
plw,1999,63.39937
plw,2000,100
plw,2001,143.96072
plw,2002,176.79006
plw,2003,73.08829
plw,2004,51.11227
plw,2005,116.56239
plw,2006,118.12652
plw,2007,95.58568
plw,2008,86.89607
plw,2009,52.13764
plw,2010,52.13764
plw,2011,52.13764
plw,2012,78.19778
plw,2013,60.82725
plw,2014,99.06476
plw,2015,55.48314
plw,2016,56.83003
plw,2017,55.78728
plw,2018,38.93813
plw,2019,37.29579
plw,2020,24.3309
png,1980,49.21426
png,1981,39.97862
png,1982,36.77756
png,1983,38.77504
png,1984,42.54499
png,1985,43.53163
png,1986,49.3078
png,1987,55.40613
png,1988,66.74048
png,1989,67.01535
png,1990,54.59916
png,1991,63.84712
png,1992,86.38552
png,1993,118.86146
png,1994,126.00203
png,1995,128.19377
png,1996,121.46008
png,1997,103.8461
png,1998,85.16056
png,1999,92.56869
png,2000,100
png,2001,87.2027
png,2002,79.27958
png,2003,106.61291
png,2004,123.2853
png,2005,158.14753
png,2006,201.259
png,2007,226.15501
png,2008,276.01491
png,2009,212.29244
png,2010,277.38923
png,2011,333.75408
png,2012,305.69943
png,2013,287.50325
png,2014,424.86485
png,2015,408.37644
png,2016,395.86814
png,2017,480.78507
png,2018,508.41542
png,2019,550.727
png,2020,445.88171
pol,1995,72.11652
pol,1996,76.98309
pol,1997,81.10943
pol,1998,88.92114
pol,1999,86.17846
pol,2000,100
pol,2001,113.39088
pol,2002,129.56377
pol,2003,169.34352
pol,2004,236.38789
pol,2005,281.71708
pol,2006,348.94458
pol,2007,441.44462
pol,2008,536.92233
pol,2009,429.96748
pol,2010,503.11077
pol,2011,594.37133
pol,2012,583.90609
pol,2013,645.82543
pol,2014,693.13786
pol,2015,627.21604
pol,2016,641.99794
pol,2017,738.21757
pol,2018,830.21246
pol,2019,839.74392
pol,2020,853.80439
prk,1990,262.28814
prk,1991,276.83616
prk,1992,142.65537
prk,1993,144.0678
prk,1994,144.0678
prk,1995,135.45198
prk,1996,128.38983
prk,1997,155.08475
prk,1998,91.94915
prk,1999,89.97175
prk,2000,100
prk,2001,116.66667
prk,2002,142.37288
prk,2003,150.56497
prk,2004,180.50847
prk,2005,188.98305
prk,2006,206.9209
prk,2007,237.99435
prk,2008,290.96045
prk,2009,281.77966
prk,2010,360.87571
prk,2011,523.30508
prk,2012,558.61582
prk,2013,541.66667
prk,2014,616.52542
prk,2015,586.44068
prk,2016,424.57627
prk,2017,250
prk,2018,35.45198
prk,2019,39.54802
prk,2020,15.53672
prt,1995,93.76149
prt,1996,101.16551
prt,1997,98.55545
prt,1998,101.93857
prt,1999,101.07301
prt,2000,100
prt,2001,99.19675
prt,2002,106.60226
prt,2003,130.67117
prt,2004,147.25102
prt,2005,156.9746
prt,2006,178.29737
prt,2007,216.03325
prt,2008,235.09878
prt,2009,181.91238
prt,2010,203.28983
prt,2011,245.30295
prt,2012,239.02053
prt,2013,258.39125
prt,2014,262.6498
prt,2015,226.49878
prt,2016,227.83936
prt,2017,255.6437
prt,2018,281.28427
prt,2019,275.94149
prt,2020,253.18181
pry,1980,35.68487
pry,1981,33.99627
pry,1982,37.9371
pry,1983,30.96301
pry,1984,38.47658
pry,1985,34.9579
pry,1986,26.86229
pry,1987,40.64829
pry,1988,58.64659
pry,1989,115.70581
pry,1990,110.27434
pry,1991,84.78605
pry,1992,75.52165
pry,1993,83.41976
pry,1994,93.95797
pry,1995,91.77856
pry,1996,99.17643
pry,1997,109.17772
pry,1998,103.52731
pry,1999,91.49693
pry,2000,100
pry,2001,107.1102
pry,2002,105.85031
pry,2003,117.47404
pry,2004,130.65189
pry,2005,143.2928
pry,2006,157.82847
pry,2007,214.69993
pry,2008,291.2207
pry,2009,230.88216
pry,2010,295.66182
pry,2011,352.84954
pry,2012,331.02268
pry,2013,429.81251
pry,2014,437.97733
pry,2015,379.82867
pry,2016,386.06171
pry,2017,394.52909
pry,2018,411.11958
pry,2019,347.80591
pry,2020,387.6762
pse,1995,72.95174
pse,1996,70.41246
pse,1997,84.72222
pse,1998,93.57464
pse,1999,93.35017
pse,2000,100
pse,2001,73.80752
pse,2002,57.5477
pse,2003,63.42593
pse,2004,73.69529
pse,2005,81.60774
pse,2006,88.35578
pse,2007,126.76768
pse,2008,136.77048
pse,2009,130.38721
pse,2010,155.72391
pse,2011,209.38552
pse,2012,217.15769
pse,2013,246.36644
pse,2014,260.67621
pse,2015,282.32323
pse,2016,290.83895
pse,2017,330.5275
pse,2018,353.71773
pse,2019,337.85487
pse,2020,312.99616
pyf,1980,12.35933
pyf,1981,11.76685
pyf,1982,11.36738
pyf,1983,14.1713
pyf,1984,12.92631
pyf,1985,16.61056
pyf,1986,16.76611
pyf,1987,34.05956
pyf,1988,30.66734
pyf,1989,36.38442
pyf,1990,45.53856
pyf,1991,52.31549
pyf,1992,43.7042
pyf,1993,60.13529
pyf,1994,91.69336
pyf,1995,87.33032
pyf,1996,114.47964
pyf,1997,101.35747
pyf,1998,111.76471
pyf,1999,114.47964
pyf,2000,100
pyf,2001,88.23529
pyf,2002,82.80543
pyf,2003,70.58824
pyf,2004,90.04525
pyf,2005,98.21493
pyf,2006,106.45747
pyf,2007,88.92308
pyf,2008,88.45837
pyf,2009,67.09095
pyf,2010,69.31719
pyf,2011,76.03439
pyf,2012,62.85023
pyf,2013,68.54661
pyf,2014,76.97059
pyf,2015,58.91131
pyf,2016,78.06878
pyf,2017,69.3
pyf,2018,66.77149
pyf,2019,61.51493
pyf,2020,49.00362
qat,1980,49.71989
qat,1981,49.77241
qat,1982,37.99895
qat,1983,29.3855
qat,1984,39.50455
qat,1985,29.92822
qat,1986,16.18522
qat,1987,17.3757
qat,1988,19.34524
qat,1989,23.52066
qat,1990,30.89111
qat,1991,26.67192
qat,1992,32.70308
qat,1993,27.84489
qat,1994,27.53852
qat,1995,30.68103
qat,1996,38.81318
qat,1997,47.43833
qat,1998,43.38451
qat,1999,62.22184
qat,2000,100
qat,2001,93.76402
qat,2002,94.68691
qat,2003,115.42177
qat,2004,161.15232
qat,2005,222.20114
qat,2006,293.69501
qat,2007,362.42457
qat,2008,580.53427
qat,2009,414.06885
qat,2010,646.57994
qat,2011,987.13127
qat,2012,1146.81732
qat,2013,1180.39503
qat,2014,1134.99701
qat,2015,672.51233
qat,2016,494.29563
qat,2017,582.18135
qat,2018,727.00068
qat,2019,629.075
qat,2020,444.23114
rou,1995,75.97015
rou,1996,77.6461
rou,1997,80.97496
rou,1998,79.71199
rou,1999,81.81073
rou,2000,100
rou,2001,109.43004
rou,2002,133.27483
rou,2003,169.63413
rou,2004,226.21255
rou,2005,265.9199
rou,2006,311.73578
rou,2007,388.86156
rou,2008,475.74979
rou,2009,389.6194
rou,2010,476.17342
rou,2011,605.41192
rou,2012,555.52261
rou,2013,632.48981
rou,2014,669.6563
rou,2015,581.97325
rou,2016,610.20101
rou,2017,679.61232
rou,2018,765.07895
rou,2019,738.2573
rou,2020,679.22297
rus,1995,78.46962
rus,1996,85.38745
rus,1997,82.73114
rus,1998,70.87677
rus,1999,71.93073
rus,2000,100
rus,2001,97.00189
rus,2002,102.15932
rus,2003,129.41552
rus,2004,174.42804
rus,2005,232.11562
rus,2006,289.00536
rus,2007,337.42062
rus,2008,449.00745
rus,2009,288.85017
rus,2010,381.4325
rus,2011,496.99713
rus,2012,503.89497
rus,2013,496.83052
rus,2014,473.00087
rus,2015,325.05879
rus,2016,268.21094
rus,2017,336.03058
rus,2018,422.64241
rus,2019,399.73151
rus,2020,316.30726
rwa,1980,229.91465
rwa,1981,222.38306
rwa,1982,196.4049
rwa,1983,226.35961
rwa,1984,275.82702
rwa,1985,250.77385
rwa,1986,360.46536
rwa,1987,215.7822
rwa,1988,206.72102
rwa,1989,181.54179
rwa,1990,207.88633
rwa,1991,177.25704
rwa,1992,125.52119
rwa,1993,124.64883
rwa,1994,54.62299
rwa,1995,97.89647
rwa,1996,114.05324
rwa,1997,163.92975
rwa,1998,113.30571
rwa,1999,114.13663
rwa,2000,100
rwa,2001,162.26017
rwa,2002,122.6385
rwa,2003,118.86501
rwa,2004,185.20112
rwa,2005,235.12631
rwa,2006,277.91771
rwa,2007,333.52012
rwa,2008,505.02535
rwa,2009,443.38535
rwa,2010,560.8919
rwa,2011,875.82757
rwa,2012,1114.68964
rwa,2013,1326.38256
rwa,2014,1364.30616
rwa,2015,1286.83636
rwa,2016,1379.9305
rwa,2017,1956.69168
rwa,2018,2116.5696
rwa,2019,2340.80784
rwa,2020,2655.62907
sau,1980,131.09924
sau,1981,145.09235
sau,1982,95.78994
sau,1983,59.18999
sau,1984,48.45704
sau,1985,35.4616
sau,1986,26.04897
sau,1987,29.94024
sau,1988,31.46062
sau,1989,36.61414
sau,1990,57.32502
sau,1991,61.55961
sau,1992,64.90236
sau,1993,54.71664
sau,1994,54.99929
sau,1995,64.49867
sau,1996,78.27617
sau,1997,78.28004
sau,1998,50.03931
sau,1999,65.42799
sau,2000,100
sau,2001,87.73056
sau,2002,93.38811
sau,2003,120.1878
sau,2004,162.40285
sau,2005,232.92603
sau,2006,272.35992
sau,2007,300.74759
sau,2008,404.03439
sau,2009,247.88162
sau,2010,323.7088
sau,2011,470.07592
sau,2012,500.62643
sau,2013,484.47727
sau,2014,441.37573
sau,2015,262.36437
sau,2016,236.62332
sau,2017,285.9324
sau,2018,379.43015
sau,2019,337.1914
sau,2020,224.08758
sdn,1980,30.03708
sdn,1981,36.35357
sdn,1982,27.56766
sdn,1983,34.51254
sdn,1984,34.79781
sdn,1985,20.6948
sdn,1986,18.44933
sdn,1987,27.89196
sdn,1988,28.17734
sdn,1989,37.1826
sdn,1990,20.70626
sdn,1991,16.88161
sdn,1992,17.67311
sdn,1993,23.09736
sdn,1994,27.81867
sdn,1995,30.7522
sdn,1996,34.33331
sdn,1997,32.88869
sdn,1998,32.97448
sdn,1999,43.17264
sdn,2000,100
sdn,2001,94.03886
sdn,2002,107.87624
sdn,2003,140.69851
sdn,2004,209.11053
sdn,2005,267.00614
sdn,2006,313.1123
sdn,2007,491.46233
sdn,2008,645.95805
sdn,2009,457.02109
sdn,2010,631.20607
sdn,2011,564.20169
sdn,2012,225.07882
sdn,2013,265.10943
sdn,2014,240.78209
sdn,2015,175.40328
sdn,2016,171.23147
sdn,2017,226.95417
sdn,2018,192.5241
sdn,2019,206.71152
sdn,2020,210.47064
sen,1980,51.85186
sen,1981,54.3634
sen,1982,59.56401
sen,1983,67.18071
sen,1984,68.92287
sen,1985,61.09896
sen,1986,67.99064
sen,1987,65.92657
sen,1988,64.27062
sen,1989,75.34892
sen,1990,82.80679
sen,1991,76.19136
sen,1992,73.14168
sen,1993,76.86322
sen,1994,85.98062
sen,1995,107.95702
sen,1996,107.37892
sen,1997,98.31982
sen,1998,105.17617
sen,1999,111.63474
sen,2000,100
sen,2001,109.01214
sen,2002,115.96805
sen,2003,136.61841
sen,2004,164.0073
sen,2005,171.51805
sen,2006,173.24236
sen,2007,181.92192
sen,2008,235.90108
sen,2009,219.26178
sen,2010,234.88454
sen,2011,276.24796
sen,2012,275.15675
sen,2013,289.21236
sen,2014,298.90544
sen,2015,283.8524
sen,2016,286.96136
sen,2017,324.86727
sen,2018,393.79609
sen,2019,454.14643
sen,2020,427.06675
sgp,1980,14.06004
sgp,1981,15.21531
sgp,1982,15.08519
sgp,1983,15.84323
sgp,1984,17.46691
sgp,1985,16.55416
sgp,1986,16.32391
sgp,1987,20.81659
sgp,1988,28.52276
sgp,1989,32.40907
sgp,1990,38.26427
sgp,1991,42.78976
sgp,1992,46.05933
sgp,1993,53.70795
sgp,1994,70.26313
sgp,1995,85.82334
sgp,1996,90.7187
sgp,1997,90.69766
sgp,1998,79.74732
sgp,1999,83.21965
sgp,2000,100
sgp,2001,88.35085
sgp,2002,90.83699
sgp,2003,116.03582
sgp,2004,144.14458
sgp,2005,166.64901
sgp,2006,197.24173
sgp,2007,217.19828
sgp,2008,245.40363
sgp,2009,195.80881
sgp,2010,255.33881
sgp,2011,297.16364
sgp,2012,296.35804
sgp,2013,297.70522
sgp,2014,301.42689
sgp,2015,255.13552
sgp,2016,239.81991
sgp,2017,270.99785
sgp,2018,299.66819
sgp,2019,283.56468
sgp,2020,263.07942
slb,1980,113.94763
slb,1981,100.76695
slb,1982,89.12462
slb,1983,94.12615
slb,1984,142.96374
slb,1985,107.65567
slb,1986,100.51365
slb,1987,98.25566
slb,1988,125.21424
slb,1989,114.06437
slb,1990,108.16502
slb,1991,128.95083
slb,1992,157.37434
slb,1993,198.13493
slb,1994,218.31093
slb,1995,244.01449
slb,1996,234.26667
slb,1997,227.01014
slb,1998,170.98116
slb,1999,182.6087
slb,2000,100
slb,2001,68.11594
slb,2002,84.05797
slb,2003,107.24638
slb,2004,140.90435
slb,2005,149.89565
slb,2006,176.05507
slb,2007,238.48116
slb,2008,304.44058
slb,2009,238.84783
slb,2010,324.26667
slb,2011,606.14794
slb,2012,724.50725
slb,2013,705.27826
slb,2014,664.51672
slb,2015,580.2913
slb,2016,633.77246
slb,2017,724.22464
slb,2018,824.8
slb,2019,668.0058
slb,2020,530.36957
sle,2000,100
sle,2001,222.50696
sle,2002,373.42039
sle,2003,707.80999
sle,2004,1063.3531
sle,2005,1216.1003
sle,2006,1772.66694
sle,2007,1881.6263
sle,2008,1654.73825
sle,2009,1769.78969
sle,2010,2618.109
sle,2011,2683.19612
sle,2012,8607.68953
sle,2013,14708.27035
sle,2014,11907.95884
sle,2015,3926.05411
sle,2016,4787.88335
sle,2017,4350.69399
sle,2018,4250.28197
sle,2019,4751.19885
sle,2020,2823.22205
slv,1980,72.56624
slv,1981,59.79434
slv,1982,52.49568
slv,1983,55.18877
slv,1984,53.84073
slv,1985,50.9645
slv,1986,56.66141
slv,1987,44.35488
slv,1988,45.69241
slv,1989,37.34144
slv,1990,43.64633
slv,1991,44.1342
slv,1992,44.84726
slv,1993,54.91924
slv,1994,63.34159
slv,1995,56.17137
slv,1996,60.82965
slv,1997,82.14893
slv,1998,83.373
slv,1999,85.34512
slv,2000,100
slv,2001,97.38184
slv,2002,101.87011
slv,2003,106.35838
slv,2004,112.36348
slv,2005,116.21897
slv,2006,126.01156
slv,2007,136.50119
slv,2008,157.80687
slv,2009,131.45869
slv,2010,152.98878
slv,2011,180.49303
slv,2012,181.54029
slv,2013,186.7086
slv,2014,180.26284
slv,2015,187.31886
slv,2016,184.29616
slv,2017,195.85209
slv,2018,200.79531
slv,2019,200.77389
slv,2020,171.50663
som,1980,73.06381
som,1981,78.97109
som,1982,48.60556
som,1983,55.65285
som,1984,22.9555
som,1985,46.94738
som,1986,43.94191
som,1987,53.68375
som,1988,62.0265
som,1989,39.07099
som,1990,77.72746
som,1991,47.15466
som,1992,61.1456
som,1993,60.62742
som,1994,70.47289
som,1995,88.07772
som,1996,96.89119
som,1997,91.70466
som,1998,102.07772
som,1999,98.96373
som,2000,100
som,2001,147.66839
som,2002,153.89119
som,2003,115.54404
som,2004,93.26425
som,2005,129.53368
som,2006,150.25907
som,2007,181.34715
som,2008,217.61658
som,2009,225.3886
som,2010,233.16062
som,2011,269.43005
som,2012,279.79275
som,2013,269.43005
som,2014,264.2487
som,2015,227.97927
som,2016,227.97927
som,2017,248.70466
som,2018,248.70466
som,2019,243.52332
som,2020,186.5285
srb,1995,88.85665
srb,1996,106.89182
srb,1997,137.43383
srb,1998,165.88311
srb,1999,86.90685
srb,2000,100
srb,2001,110.44689
srb,2002,132.03714
srb,2003,153.80151
srb,2004,230.93442
srb,2005,293.96402
srb,2006,418.58967
srb,2007,559.95357
srb,2008,636.80104
srb,2009,484.33407
srb,2010,568.45711
srb,2011,683.66094
srb,2012,651.71213
srb,2013,847.98485
srb,2014,861.60186
srb,2015,776.33778
srb,2016,863.26988
srb,2017,986.21138
srb,2018,1115.87386
srb,2019,1139.28075
srb,2020,1131.61244
stp,1980,618.49517
stp,1981,310.70787
stp,1982,320.20629
stp,1983,314.39792
stp,1984,445.31827
stp,1985,212.16109
stp,1986,360.06083
stp,1987,237.44772
stp,1988,346.30391
stp,1989,178.94667
stp,1990,160.23097
stp,1991,218.9669
stp,1992,199.54582
stp,1993,189.36387
stp,1994,214.85516
stp,1995,170
stp,1996,163.33333
stp,1997,176.66667
stp,1998,166.66667
stp,1999,73.16093
stp,2000,100
stp,2001,87.3
stp,2002,165.2
stp,2003,218.96667
stp,2004,180
stp,2005,226.66667
stp,2006,256.66667
stp,2007,226.66667
stp,2008,354.4
stp,2009,270.56667
stp,2010,364.33333
stp,2011,368.06667
stp,2012,405.66667
stp,2013,429.66667
stp,2014,574
stp,2015,377
stp,2016,454.66667
stp,2017,505.55514
stp,2018,534.26448
stp,2019,438.28492
stp,2020,464.37181
sur,1980,101.7848
sur,1981,93.80171
sur,1982,84.82053
sur,1983,72.62423
sur,1984,70.4066
sur,1985,65.08467
sur,1986,66.30422
sur,1987,60.53857
sur,1988,81.05085
sur,1989,107.21775
sur,1990,93.46901
sur,1991,71.07199
sur,1992,77.3918
sur,1993,64.52022
sur,1994,88.8099
sur,1995,120.27837
sur,1996,135.43156
sur,1997,142.28574
sur,1998,87.01444
sur,1999,88.54533
sur,2000,100
sur,2001,101.70604
sur,2002,118.36261
sur,2003,161.01353
sur,2004,220.57339
sur,2005,251.61518
sur,2006,296.53745
sur,2007,342.97396
sur,2008,439.88492
sur,2009,353.78533
sur,2010,511.197
sur,2011,622.57016
sur,2012,680.09287
sur,2013,609.78195
sur,2014,533.20136
sur,2015,416.99475
sur,2016,363.08803
sur,2017,502.70038
sur,2018,522.4359
sur,2019,536.69493
sur,2020,591.86352
svk,1995,72.51595
svk,1996,74.62888
svk,1997,81.43254
svk,1998,90.61282
svk,1999,86.3032
svk,2000,100
svk,2001,106.44763
svk,2002,121.75049
svk,2003,184.56299
svk,2004,234.49134
svk,2005,269.51998
svk,2006,353.80272
svk,2007,494.55828
svk,2008,601.27485
svk,2009,473.98816
svk,2010,546.51961
svk,2011,674.70626
svk,2012,681.30816
svk,2013,724.8693
svk,2014,728.77128
svk,2015,635.11302
svk,2016,651.28977
svk,2017,704.99633
svk,2018,789.60488
svk,2019,756.50688
svk,2020,727.72814
svn,1995,94.83039
svn,1996,94.7801
svn,1997,95.46427
svn,1998,103.17257
svn,1999,97.44756
svn,2000,100
svn,2001,105.66494
svn,2002,118.1978
svn,2003,145.56303
svn,2004,186.56543
svn,2005,219.47794
svn,2006,264.88561
svn,2007,343.24426
svn,2008,389.15409
svn,2009,298.49242
svn,2010,332.96316
svn,2011,395.47026
svn,2012,366.74444
svn,2013,387.79146
svn,2014,409.99441
svn,2015,364.08521
svn,2016,375.34148
svn,2017,438.35603
svn,2018,504.00443
svn,2019,512.47679
svn,2020,510.80642
swe,1995,92.55711
swe,1996,97.56842
swe,1997,95.22455
swe,1998,97.42962
swe,1999,97.75828
swe,2000,100
swe,2001,87.03086
swe,2002,93.76621
swe,2003,117.47277
swe,2004,141.8207
swe,2005,150.67418
swe,2006,170.03843
swe,2007,194.22717
swe,2008,210.92149
swe,2009,150.46569
swe,2010,182.41404
swe,2011,215.10469
swe,2012,198.28588
swe,2013,192.72328
swe,2014,189.42764
swe,2015,161.09958
swe,2016,160.25602
swe,2017,175.93788
swe,2018,190.94958
swe,2019,184.7457
swe,2020,179.02239
swz,1980,40.96252
swz,1981,42.0135
swz,1982,35.18557
swz,1983,33.40124
swz,1984,25.33509
swz,1985,19.70613
swz,1986,30.51206
swz,1987,46.72165
swz,1988,50.66172
swz,1989,54.93173
swz,1990,61.25654
swz,1991,64.95857
swz,1992,70.21282
swz,1993,74.84467
swz,1994,86.75248
swz,1995,94.7825
swz,1996,93.67546
swz,1997,105.27975
swz,1998,107.33192
swz,1999,102.50498
swz,2000,100
swz,2001,115.30997
swz,2002,112.57491
swz,2003,179.17681
swz,2004,213.22826
swz,2005,193.64198
swz,2006,195.83002
swz,2007,205.67623
swz,2008,185.98382
swz,2009,181.60773
swz,2010,196.92405
swz,2011,208.95829
swz,2012,210.70873
swz,2013,207.29341
swz,2014,219.18857
swz,2015,198.25979
swz,2016,178.69097
swz,2017,197.03352
swz,2018,201.56686
swz,2019,218.98354
swz,2020,186.3097
syc,1980,10.926
syc,1981,8.83363
syc,1982,7.84326
syc,1983,10.50084
syc,1984,13.25047
syc,1985,14.41204
syc,1986,9.44409
syc,1987,11.4459
syc,1988,16.44293
syc,1989,17.64634
syc,1990,29.45954
syc,1991,25.31205
syc,1992,24.74793
syc,1993,26.40031
syc,1994,26.84846
syc,1995,27.44031
syc,1996,71.91959
syc,1997,58.37577
syc,1998,63.06495
syc,1999,74.79588
syc,2000,100
syc,2001,111.34021
syc,2002,117.52577
syc,2003,141.11443
syc,2004,149.89227
syc,2005,175.11546
syc,2006,195.84278
syc,2007,185.64278
syc,2008,221.81237
syc,2009,203.80825
syc,2010,206.2933
syc,2011,249.01701
syc,2012,255.98402
syc,2013,298.02165
syc,2014,278.15309
syc,2015,213.67113
syc,2016,237.28423
syc,2017,281.73754
syc,2018,293.24308
syc,2019,266.93588
syc,2020,222.47734
syr,1980,45.49272
syr,1981,45.3889
syr,1982,43.7375
syr,1983,41.50483
syr,1984,40.00473
syr,1985,35.34298
syr,1986,28.58952
syr,1987,29.14656
syr,1988,29.0212
syr,1989,64.87681
syr,1990,90.91313
syr,1991,74.03022
syr,1992,66.76197
syr,1993,67.91413
syr,1994,65.76197
syr,1995,76.91451
syr,1996,86.31743
syr,1997,84.52918
syr,1998,62.37779
syr,1999,74.76106
syr,2000,100
syr,2001,113.27367
syr,2002,141.08191
syr,2003,123.69155
syr,2004,159.24794
syr,2005,187.95487
syr,2006,235.68546
syr,2007,249.20446
syr,2008,332.61191
syr,2009,234.29865
syr,2010,276.19325
syr,2011,226.91212
syr,2012,66.03436
syr,2013,36.88237
syr,2014,49.64357
syr,2015,34.53466
syr,2016,36.69307
syr,2017,15.369
syr,2018,13.46765
syr,2019,10.94662
syr,2020,18.73872
tca,1999,86.7524
tca,2000,100
tca,2001,82.37977
tca,2002,98.44658
tca,2003,111.3426
tca,2004,138.08018
tca,2005,166.39442
tca,2006,199.12238
tca,2007,183.81092
tca,2008,280.06728
tca,2009,234.71082
tca,2010,180.91286
tca,2011,96.47869
tca,2012,133.76541
tca,2013,66.95416
tca,2014,73.43439
tca,2015,52.5312
tca,2016,50.70882
tca,2017,48.94966
tca,2018,40.67632
tca,2019,39.5532
tca,2020,36.64296
tcd,1980,38.82043
tcd,1981,45.61117
tcd,1982,31.56471
tcd,1983,57.14793
tcd,1984,71.81401
tcd,1985,33.81455
tcd,1986,53.91675
tcd,1987,59.8482
tcd,1988,78.76208
tcd,1989,84.97137
tcd,1990,102.83752
tcd,1991,105.83635
tcd,1992,99.6812
tcd,1993,72.09071
tcd,1994,80.92098
tcd,1995,132.78689
tcd,1996,130.05464
tcd,1997,129.5082
tcd,1998,143.1694
tcd,1999,132.78689
tcd,2000,100
tcd,2001,103.27869
tcd,2002,101.0929
tcd,2003,328.4153
tcd,2004,1197.26776
tcd,2005,1683.5765
tcd,2006,1831.66557
tcd,2007,2003.40109
tcd,2008,2277.89945
tcd,2009,1530.05464
tcd,2010,1967.21312
tcd,2011,2622.95082
tcd,2012,2622.95082
tcd,2013,2076.50273
tcd,2014,2291.65471
tcd,2015,1325.70194
tcd,2016,1142.12654
tcd,2017,1432.42739
tcd,2018,1726.96208
tcd,2019,1751.32434
tcd,2020,1433.4914
tgo,1980,93.06697
tgo,1981,58.50652
tgo,1982,49.06754
tgo,1983,45.0023
tgo,1984,52.91975
tgo,1985,52.37435
tgo,1986,56.14443
tgo,1987,67.13499
tgo,1988,66.81282
tgo,1989,67.54644
tgo,1990,73.83294
tgo,1991,69.78286
tgo,1992,75.77558
tgo,1993,37.48226
tgo,1994,90.48937
tgo,1995,103.82013
tgo,1996,120.94375
tgo,1997,116.36744
tgo,1998,115.33515
tgo,1999,107.43605
tgo,2000,100
tgo,2001,97.98728
tgo,2002,117.20047
tgo,2003,164.13556
tgo,2004,164.95898
tgo,2005,181.19001
tgo,2006,173.01288
tgo,2007,185.78992
tgo,2008,234.01751
tgo,2009,247.85732
tgo,2010,267.94756
tgo,2011,323.5293
tgo,2012,360.58798
tgo,2013,416.88181
tgo,2014,363.434
tgo,2015,277.37461
tgo,2016,284.28291
tgo,2017,278.90911
tgo,2018,296.54311
tgo,2019,289.60018
tgo,2020,276.76978
tha,1980,9.42038
tha,1981,10.18087
tha,1982,10.05645
tha,1983,9.22186
tha,1984,10.7344
tha,1985,10.31118
tha,1986,12.85297
tha,1987,16.98167
tha,1988,23.10084
tha,1989,29.07505
tha,1990,33.40482
tha,1991,41.1664
tha,1992,47.02274
tha,1993,53.53463
tha,1994,65.54199
tha,1995,81.84071
tha,1996,80.79855
tha,1997,83.1536
tha,1998,78.99511
tha,1999,84.78927
tha,2000,100
tha,2001,94.20772
tha,2002,98.76092
tha,2003,116.47432
tha,2004,139.566
tha,2005,160.86485
tha,2006,188.10471
tha,2007,223.11755
tha,2008,257.78884
tha,2009,221.02192
tha,2010,280.30531
tha,2011,322.74896
tha,2012,332.21773
tha,2013,331.3466
tha,2014,329.8343
tha,2015,310.7625
tha,2016,312.32558
tha,2017,343.13527
tha,2018,366.80365
tha,2019,357.10538
tha,2020,335.64392
tjk,1995,95.5414
tjk,1996,98.08917
tjk,1997,94.90446
tjk,1998,75.79618
tjk,1999,87.89809
tjk,2000,100
tjk,2001,82.80255
tjk,2002,94.01274
tjk,2003,101.52866
tjk,2004,116.54777
tjk,2005,115.79618
tjk,2006,178.21656
tjk,2007,187.00637
tjk,2008,179.45223
tjk,2009,128.70064
tjk,2010,152.26752
tjk,2011,160.10191
tjk,2012,173.21019
tjk,2013,148
tjk,2014,124.49682
tjk,2015,113.45223
tjk,2016,114.52229
tjk,2017,152.61147
tjk,2018,136.72611
tjk,2019,149.6051
tjk,2020,179.22293
tkm,1995,75.01995
tkm,1996,67.63767
tkm,1997,39.90423
tkm,1998,23.5435
tkm,1999,47.36632
tkm,2000,100
tkm,2001,107.74142
tkm,2002,113.72706
tkm,2003,144.93216
tkm,2004,154.42937
tkm,2005,197.28651
tkm,2006,285.55467
tkm,2007,356.42857
tkm,2008,476.64405
tkm,2009,199.52115
tkm,2010,259.37749
tkm,2011,518.75499
tkm,2012,658.41979
tkm,2013,670.39106
tkm,2014,698.32402
tkm,2015,399.0423
tkm,2016,277.88867
tkm,2017,297.58699
tkm,2018,381.99641
tkm,2019,386.88707
tkm,2020,254.80008
ton,1980,82.1206
ton,1981,85.41541
ton,1982,85.02203
ton,1983,59.66962
ton,1984,99.44393
ton,1985,56.98903
ton,1986,65.76475
ton,1987,69.60781
ton,1988,85.30465
ton,1989,104.19088
ton,1990,127.45414
ton,1991,151.87477
ton,1992,138.30914
ton,1993,179.26678
ton,1994,156.02631
ton,1995,160.43573
ton,1996,129.78208
ton,1997,113.69461
ton,1998,82.60992
ton,1999,139.27755
ton,2000,100
ton,2001,76.61132
ton,2002,165.82018
ton,2003,200.03306
ton,2004,170.53998
ton,2005,113.73132
ton,2006,108.76071
ton,2007,96.68759
ton,2008,105.93339
ton,2009,89.42547
ton,2010,94.11108
ton,2011,164.0759
ton,2012,177.65389
ton,2013,195.58687
ton,2014,216.09636
ton,2015,201.80014
ton,2016,244.64319
ton,2017,214.8081
ton,2018,147.7276
ton,2019,230.42678
ton,2020,175.522
tto,1980,95.39721
tto,1981,87.99919
tto,1982,71.87736
tto,1983,55.04889
tto,1984,50.85558
tto,1985,50.04949
tto,1986,32.42429
tto,1987,34.21828
tto,1988,33.03664
tto,1989,36.92553
tto,1990,45.86554
tto,1991,46.4477
tto,1992,39.57592
tto,1993,38.89103
tto,1994,43.67447
tto,1995,57.42466
tto,1996,58.48596
tto,1997,59.50164
tto,1998,52.82686
tto,1999,65.60576
tto,2000,100
tto,2001,100.14038
tto,2002,90.78147
tto,2003,121.14202
tto,2004,152.48484
tto,2005,232.60798
tto,2006,331.18156
tto,2007,313.43577
tto,2008,436.36933
tto,2009,213.52295
tto,2010,256.94148
tto,2011,349.6467
tto,2012,303.77585
tto,2013,438.57745
tto,2014,339.97196
tto,2015,251.47403
tto,2016,178.59148
tto,2017,204.51334
tto,2018,246.36172
tto,2019,168.27094
tto,2020,122.04024
tun,1980,38.1421
tun,1981,42.72848
tun,1982,33.86529
tun,1983,31.62893
tun,1984,30.7134
tun,1985,29.70744
tun,1986,30.07735
tun,1987,36.56248
tun,1988,40.93365
tun,1989,50.07684
tun,1990,60.29042
tun,1991,63.2353
tun,1992,68.69841
tun,1993,64.05426
tun,1994,79.6101
tun,1995,93.5923
tun,1996,94.29998
tun,1997,95.03432
tun,1998,98.07543
tun,1999,100.37076
tun,2000,100
tun,2001,113.34752
tun,2002,117.50605
tun,2003,137.20674
tun,2004,165.54806
tun,2005,179.37318
tun,2006,199.89831
tun,2007,259.23089
tun,2008,330.24721
tun,2009,246.91907
tun,2010,280.78865
tun,2011,305.0685
tun,2012,290.71812
tun,2013,291.62598
tun,2014,286.4134
tun,2015,240.56533
tun,2016,231.99402
tun,2017,242.79622
tun,2018,265.53353
tun,2019,255.26258
tun,2020,236.10717
tur,1980,10.47752
tur,1981,16.93219
tur,1982,20.68774
tur,1983,20.62222
tur,1984,25.68362
tur,1985,28.65177
tur,1986,26.8469
tur,1987,36.6878
tur,1988,41.98755
tur,1989,41.85326
tur,1990,46.65831
tur,1991,48.94167
tur,1992,52.97805
tur,1993,55.24808
tur,1994,65.18799
tur,1995,77.76554
tur,1996,83.69067
tur,1997,94.54579
tur,1998,96.78163
tur,1999,95.72312
tur,2000,100
tur,2001,112.81409
tur,2002,129.82585
tur,2003,170.12843
tur,2004,227.42476
tur,2005,264.54101
tur,2006,307.9579
tur,2007,386.21831
tur,2008,475.34715
tur,2009,367.75151
tur,2010,410.02207
tur,2011,485.71505
tur,2012,548.91912
tur,2013,546.54612
tur,2014,599.47961
tur,2015,543.59193
tur,2016,537.34487
tur,2017,592.24199
tur,2018,637.87361
tur,2019,651.06525
tur,2020,610.80686
tza,1980,77.0965
tza,1981,85.62712
tza,1982,67.6448
tza,1983,56.14164
tza,1984,44.9533
tza,1985,37.16239
tza,1986,54.43892
tza,1987,43.63566
tza,1988,41.53686
tza,1989,54.98006
tza,1990,49.90765
tza,1991,51.62032
tza,1992,62.78333
tza,1993,67.86086
tza,1994,78.3092
tza,1995,92.92735
tza,1996,106.89573
tza,1997,102.58253
tza,1998,80.30326
tza,1999,74.01785
tza,2000,100
tza,2001,116.02835
tza,2002,133.51506
tza,2003,165.74894
tza,2004,201.59466
tza,2005,228.85375
tza,2006,261.36023
tza,2007,303.47553
tza,2008,425.38899
tza,2009,406.48835
tza,2010,552.07115
tza,2011,645.35369
tza,2012,756.06229
tza,2013,621.30707
tza,2014,630.70737
tza,2015,658.78424
tza,2016,613.28881
tza,2017,560.54246
tza,2018,550.8262
tza,2019,682.11213
tza,2020,826.1263
uga,1980,74.92358
uga,1981,52.81754
uga,1982,75.84513
uga,1983,80.87627
uga,1984,86.60303
uga,1985,84.04998
uga,1986,94.65603
uga,1987,69.38952
uga,1988,60.91746
uga,1989,59.41631
uga,1990,33.10812
uga,1991,43.35854
uga,1992,31.13664
uga,1993,38.82554
uga,1994,88.78567
uga,1995,114.19379
uga,1996,145.72121
uga,1997,137.77729
uga,1998,124.37193
uga,1999,128.84039
uga,2000,100
uga,2001,111.84214
uga,2002,116.02586
uga,2003,131.9683
uga,2004,162.24008
uga,2005,201.77795
uga,2006,238.86189
uga,2007,331.82432
uga,2008,428.05171
uga,2009,389.15606
uga,2010,401.81394
uga,2011,535.98519
uga,2012,585.24145
uga,2013,597.71389
uga,2014,561.52673
uga,2015,562.77903
uga,2016,616.22779
uga,2017,720.28123
uga,2018,766.4299
uga,2019,863.2751
uga,2020,1029.96801
ukr,1995,90.08749
ukr,1996,98.82313
ukr,1997,97.66341
ukr,1998,86.71813
ukr,1999,79.47847
ukr,2000,100
ukr,2001,111.61434
ukr,2002,123.22594
ukr,2003,158.28993
ukr,2004,224.16264
ukr,2005,234.88351
ukr,2006,263.29044
ukr,2007,338.2817
ukr,2008,459.4572
ukr,2009,272.99365
ukr,2010,353.25442
ukr,2011,469.78899
ukr,2012,470.26934
ukr,2013,441.50283
ukr,2014,369.88163
ukr,2015,261.63664
ukr,2016,249.51107
ukr,2017,296.89484
ukr,2018,324.91336
ukr,2019,343.56493
ukr,2020,337.75948
ury,1980,46.13021
ury,1981,52.96509
ury,1982,44.57663
ury,1983,45.54408
ury,1984,40.69377
ury,1985,39.61302
ury,1986,47.40489
ury,1987,51.82377
ury,1988,61.20626
ury,1989,69.6736
ury,1990,73.77435
ury,1991,69.93071
ury,1992,74.1927
ury,1993,71.7
ury,1994,83.38345
ury,1995,91.7767
ury,1996,104.46681
ury,1997,118.78241
ury,1998,120.74345
ury,1999,97.48987
ury,2000,100
ury,2001,89.77208
ury,2002,81.09993
ury,2003,96.13457
ury,2004,127.72911
ury,2005,149.12158
ury,2006,173.84939
ury,2007,196.86896
ury,2008,258.93999
ury,2009,235.53244
ury,2010,293.03016
ury,2011,344.78368
ury,2012,379.53606
ury,2013,395.11805
ury,2014,397.9627
ury,2015,335.01137
ury,2016,306.92382
ury,2017,343.76637
ury,2018,326.73312
ury,2019,334.69935
ury,2020,298.81144
usa,1980,31.3755
usa,1981,30.85024
usa,1982,29.2516
usa,1983,28.97139
usa,1984,30.8306
usa,1985,31.82656
usa,1986,36.77923
usa,1987,42.8541
usa,1988,48.86305
usa,1989,52.0548
usa,1990,59.50855
usa,1991,60.40395
usa,1992,64.15912
usa,1993,63.13347
usa,1994,71.25175
usa,1995,74.78316
usa,1996,79.94099
usa,1997,88.13993
usa,1998,87.23907
usa,1999,88.98593
usa,2000,100
usa,2001,93.24507
usa,2002,88.64139
usa,2003,92.69143
usa,2004,104.21489
usa,2005,115.23996
usa,2006,131.21158
usa,2007,146.84391
usa,2008,164.65179
usa,2009,135.05802
usa,2010,163.50755
usa,2011,189.59891
usa,2012,197.68096
usa,2013,202.01516
usa,2014,207.25088
usa,2015,192.16493
usa,2016,185.5707
usa,2017,197.75386
usa,2018,212.80778
usa,2019,210.14491
usa,2020,183.08958
uzb,1995,121.76074
uzb,1996,149.44977
uzb,1997,142.8825
uzb,1998,125.31061
uzb,1999,114.83848
uzb,2000,100
uzb,2001,96.13064
uzb,2002,89.20838
uzb,2003,113.20554
uzb,2004,151.93468
uzb,2005,168.5836
uzb,2006,199.39652
uzb,2007,285.01952
uzb,2008,365.56621
uzb,2009,381.07916
uzb,2010,415.15843
uzb,2011,470.50018
uzb,2012,397.94789
uzb,2013,425.98509
uzb,2014,408.23571
uzb,2015,335.22322
uzb,2016,318.56601
uzb,2017,357.79943
uzb,2018,387.67127
uzb,2019,497.82887
uzb,2020,464.93672
vct,1980,32.70176
vct,1981,50.91506
vct,1982,68.25291
vct,1983,86.92438
vct,1984,113.44906
vct,1985,133.96653
vct,1986,135.17221
vct,1987,110.85215
vct,1988,180.59585
vct,1989,158.00169
vct,1990,175.18259
vct,1991,142.15209
vct,1992,165.40987
vct,1993,122.43169
vct,1994,106.75704
vct,1995,90.76596
vct,1996,98.65957
vct,1997,98.25532
vct,1998,106.38298
vct,1999,104.25532
vct,2000,100
vct,2001,88.25532
vct,2002,80.85106
vct,2003,81.19149
vct,2004,77.89362
vct,2005,84.85319
vct,2006,81.07872
vct,2007,101.51915
vct,2008,111.0766
vct,2009,104.39149
vct,2010,88.33191
vct,2011,81.77021
vct,2012,91.57872
vct,2013,104.65532
vct,2014,102.23148
vct,2015,97.38723
vct,2016,99.45532
vct,2017,90.38511
vct,2018,92.91489
vct,2019,81.3
vct,2020,115.37447
ven,1980,60.43959
ven,1981,65.97069
ven,1982,52.16653
ven,1983,43.82429
ven,1984,50.30187
ven,1985,45.39966
ven,1986,27.23099
ven,1987,33.25891
ven,1988,32.21181
ven,1989,41.77725
ven,1990,55.01855
ven,1991,47.65424
ven,1992,44.60411
ven,1993,46.17949
ven,1994,50.59116
ven,1995,55.04787
ven,1996,68.77628
ven,1997,71.19508
ven,1998,52.811
ven,1999,62.522
ven,2000,100
ven,2001,79.53413
ven,2002,79.87414
ven,2003,81.21328
ven,2004,118.30952
ven,2005,166.17257
ven,2006,195.58591
ven,2007,208.71484
ven,2008,283.39945
ven,2009,171.80053
ven,2010,196.08399
ven,2011,276.80814
ven,2012,290.31585
ven,2013,264.70518
ven,2014,222.83396
ven,2015,111.27382
ven,2016,79.62063
ven,2017,95.32047
ven,2018,102.71705
ven,2019,51.3287
ven,2020,14.85281
vgb,1995,71.11111
vgb,1996,76.66667
vgb,1997,82.96296
vgb,1998,85.55556
vgb,1999,94.07407
vgb,2000,100
vgb,2001,103.7037
vgb,2002,111.11111
vgb,2003,115.92593
vgb,2004,118.88889
vgb,2005,129.62963
vgb,2006,133.33333
vgb,2007,140.74074
vgb,2008,143.7037
vgb,2009,136.66667
vgb,2010,140
vgb,2011,142.59259
vgb,2012,148.14815
vgb,2013,96.2963
vgb,2014,92.59259
vgb,2015,85.18519
vgb,2016,85.18519
vgb,2017,81.48148
vgb,2018,70.37037
vgb,2019,77.77778
vgb,2020,54.44444
vnm,1980,2.34341
vnm,1981,2.77666
vnm,1982,3.64454
vnm,1983,4.26673
vnm,1984,4.49581
vnm,1985,4.83424
vnm,1986,5.46128
vnm,1987,5.91113
vnm,1988,7.18665
vnm,1989,13.46806
vnm,1990,16.63783
vnm,1991,14.44391
vnm,1992,17.86283
vnm,1993,20.65887
vnm,1994,28.0573
vnm,1995,37.62342
vnm,1996,50.09321
vnm,1997,63.41918
vnm,1998,64.6344
vnm,1999,79.68653
vnm,2000,100
vnm,2001,103.76994
vnm,2002,115.34903
vnm,2003,139.1238
vnm,2004,182.86957
vnm,2005,224.00055
vnm,2006,274.98585
vnm,2007,335.29655
vnm,2008,432.81779
vnm,2009,394.22999
vnm,2010,498.76867
vnm,2011,669.09945
vnm,2012,790.78348
vnm,2013,911.64023
vnm,2014,1037.19756
vnm,2015,1118.9992
vnm,2016,1219.22818
vnm,2017,1484.59399
vnm,2018,1682.65346
vnm,2019,1824.67472
vnm,2020,1952.11654
vut,1980,131.9189
vut,1981,117.99559
vut,1982,83.7502
vut,1983,108.26484
vut,1984,163.56859
vut,1985,112.80272
vut,1986,63.78153
vut,1987,65.26106
vut,1988,72.7488
vut,1989,79.94381
vut,1990,69.17484
vut,1991,66.97155
vut,1992,86.76846
vut,1993,83.3953
vut,1994,92.3806
vut,1995,108.83308
vut,1996,116.17423
vut,1997,135.84615
vut,1998,129.90962
vut,1999,99.04769
vut,2000,100
vut,2001,76.92308
vut,2002,76.92308
vut,2003,103.84615
vut,2004,143.36538
vut,2005,145.19615
vut,2006,187.60769
vut,2007,191.7
vut,2008,218.14231
vut,2009,218.05
vut,2010,187.55385
vut,2011,258.96154
vut,2012,210.48846
vut,2013,150
vut,2014,241.92985
vut,2015,149.41154
vut,2016,193.09231
vut,2017,179.68462
vut,2018,236.19231
vut,2019,214.79615
vut,2020,177.53846
wsm,1980,121.0304
wsm,1981,75.79645
wsm,1982,93.66846
wsm,1983,124.51636
wsm,1984,136.58334
wsm,1985,113.80539
wsm,1986,73.80919
wsm,1987,83.02356
wsm,1988,106.06793
wsm,1989,90.4946
wsm,1990,62.32292
wsm,1991,45.43527
wsm,1992,40.7864
wsm,1993,45.31225
wsm,1994,25.33756
wsm,1995,13.558
wsm,1996,15.54338
wsm,1997,23.13446
wsm,1998,22.41492
wsm,1999,31.38554
wsm,2000,100
wsm,2001,96.41538
wsm,2002,109.95077
wsm,2003,134.03692
wsm,2004,131.44154
wsm,2005,134.10769
wsm,2006,100.22615
wsm,2007,149.94923
wsm,2008,110.75538
wsm,2009,70.73231
wsm,2010,108.07692
wsm,2011,101.94462
wsm,2012,117.08
wsm,2013,95.55077
wsm,2014,78.34154
wsm,2015,90.65846
wsm,2016,86.21538
wsm,2017,68.31077
wsm,2018,70.92462
wsm,2019,75.80308
wsm,2020,57.28615
yem,1980,19.66289
yem,1981,16.03432
yem,1982,20.44744
yem,1983,17.18664
yem,1984,16.20595
yem,1985,14.51425
yem,1986,10.02758
yem,1987,10.78762
yem,1988,13.85228
yem,1989,15.20074
yem,1990,16.96598
yem,1991,16.16409
yem,1992,15.17813
yem,1993,14.96885
yem,1994,22.89552
yem,1995,47.68424
yem,1996,65.5695
yem,1997,61.38686
yem,1998,36.67566
yem,1999,59.81858
yem,2000,100
yem,2001,82.71635
yem,2002,81.79326
yem,2003,91.51402
yem,2004,99.84033
yem,2005,137.47649
yem,2006,163.13028
yem,2007,154.42371
yem,2008,185.92263
yem,2009,153.44337
yem,2010,198.57808
yem,2011,237.80338
yem,2012,203.48125
yem,2013,203.48125
yem,2014,191.02721
yem,2015,46.845
yem,2016,15.95754
yem,2017,30.49767
yem,2018,33.29247
yem,2019,35.18019
yem,2020,29.51704
zaf,1980,85.18241
zaf,1981,69.29152
zaf,1982,58.81811
zaf,1983,61.80918
zaf,1984,57.81487
zaf,1985,54.46526
zaf,1986,61.28755
zaf,1987,70.78839
zaf,1988,72.75486
zaf,1989,73.85717
zaf,1990,78.60659
zaf,1991,77.64237
zaf,1992,78.17868
zaf,1993,80.78552
zaf,1994,84.40896
zaf,1995,92.89597
zaf,1996,97.45856
zaf,1997,103.48197
zaf,1998,87.92316
zaf,1999,89.07381
zaf,2000,100
zaf,2001,97.58196
zaf,2002,99.13284
zaf,2003,121.67428
zaf,2004,153.90621
zaf,2005,172.18324
zaf,2006,194.02695
zaf,2007,232.74556
zaf,2008,269.42654
zaf,2009,205.70594
zaf,2010,304.66362
zaf,2011,362.9212
zaf,2012,332.2082
zaf,2013,320.69334
zaf,2014,310.32011
zaf,2015,270.15989
zaf,2016,254.19215
zaf,2017,296.65746
zaf,2018,313.41115
zaf,2019,300.22224
zaf,2020,286.2748
zmb,1980,196.12943
zmb,1981,168.97141
zmb,1982,153.83888
zmb,1983,124.97634
zmb,1984,99.23857
zmb,1985,117.79094
zmb,1986,77.67591
zmb,1987,131.11935
zmb,1988,177.047
zmb,1989,201.96339
zmb,1990,196.6057
zmb,1991,162.78588
zmb,1992,113.50945
zmb,1993,124.12446
zmb,1994,139.26375
zmb,1995,115.65261
zmb,1996,116.19948
zmb,1997,102.52442
zmb,1998,115.67693
zmb,1999,119.11122
zmb,2000,100
zmb,2001,110.65139
zmb,2002,107.17052
zmb,2003,109.87077
zmb,2004,176.56814
zmb,2005,202.80592
zmb,2006,422.51574
zmb,2007,517.44179
zmb,2008,571.3699
zmb,2009,483.21812
zmb,2010,806.87735
zmb,2011,1008.66529
zmb,2012,1049.42308
zmb,2013,1187.89311
zmb,2014,1086.35308
zmb,2015,740.34002
zmb,2016,714.10332
zmb,2017,896.49581
zmb,2018,1012.40378
zmb,2019,789.71903
zmb,2020,876.18238
zwe,1980,73.19156
zwe,1981,73.03779
zwe,1982,66.12337
zwe,1983,58.61101
zwe,1984,59.65051
zwe,1985,57.58398
zwe,1986,67.69794
zwe,1987,74.01391
zwe,1988,84.691
zwe,1989,80.33767
zwe,1990,89.58616
zwe,1991,79.50233
zwe,1992,74.89964
zwe,1993,81.2925
zwe,1994,97.70944
zwe,1995,110.18078
zwe,1996,125.54234
zwe,1997,132
zwe,1998,109.66234
zwe,1999,98.02597
zwe,2000,100
zwe,2001,62.7013
zwe,2002,104.51948
zwe,2003,86.75325
zwe,2004,98.02597
zwe,2005,96.1039
zwe,2006,103.8961
zwe,2007,124.67532
zwe,2008,114.28571
zwe,2009,117.86483
zwe,2010,166.19382
zwe,2011,182.44805
zwe,2012,201.68462
zwe,2013,202.96489
zwe,2014,200.8508
zwe,2015,168.73972
zwe,2016,173.23013
zwe,2017,180.80779
zwe,2018,210.77195
zwe,2019,221.76675
zwe,2020,228.34805
